1	2
2	3
3	4
4	5
5	6
6	7
7	8
8	9
9	10
10	11
11	12
12	13
13	14
14	15
15	16
16	17
17	18
18	19
19	20
20	21
21	22
22	23
23	24
24	25
25	26
26	27
27	28
28	29
29	30
30	31
31	32
32	33
33	34
34	35
35	36
36	37
37	38
38	39
39	40
40	41
41	42
42	43
43	44
44	45
45	46
46	47
47	48
48	49
49	50
50	51
51	52
52	53
53	54
54	55
55	56
56	57
57	58
58	59
59	60
60	61
61	62
62	63
63	64
64	65
65	66
66	67
67	68
68	69
69	70
70	71
71	72
72	73
73	74
74	75
75	76
76	77
77	78
78	79
79	80
80	81
81	82
82	83
83	84
84	85
85	86
86	87
87	88
88	89
89	90
90	91
91	92
92	93
93	94
94	95
95	96
96	97
97	98
98	99
99	100
100	101
101	102
102	103
103	104
104	105
105	106
106	107
107	108
108	109
109	110
110	111
111	112
112	113
113	114
114	115
115	116
116	117
117	118
118	119
119	120
120	121
121	122
122	123
123	124
124	125
125	126
126	127
127	128
128	129
129	130
130	131
131	132
132	133
133	134
134	135
135	136
136	137
137	138
138	139
139	140
140	141
141	142
142	143
143	144
144	145
145	146
146	147
147	148
148	149
149	150
150	151
151	152
152	153
153	154
154	155
155	156
156	157
157	158
158	159
159	160
160	161
161	162
162	163
163	164
164	165
165	166
166	167
167	168
168	169
169	170
170	171
171	172
172	173
173	174
174	175
175	176
176	177
177	178
178	179
179	180
180	181
181	182
182	183
183	184
184	185
185	186
186	187
187	188
188	189
189	190
190	191
191	192
192	193
193	194
194	195
195	196
196	197
197	198
198	199
199	200
200	201
201	202
202	203
203	204
204	205
205	206
206	207
207	208
208	209
209	210
210	211
211	212
212	213
213	214
214	215
215	216
216	217
217	218
218	219
219	220
220	221
221	222
222	223
223	224
224	225
225	226
226	227
227	228
228	229
229	230
230	231
231	232
232	233
233	234
234	235
235	236
236	237
237	238
238	239
239	240
240	241
241	242
242	243
243	244
244	245
245	246
246	247
247	248
248	249
249	250
100	223
62	208
220	248
172	94
93	1
197	142
114	243
13	47
76	196
191	196
96	212
196	222
218	29
235	175
45	117
236	147
227	148
94	66
172	161
243	109
168	195
18	9
215	51
91	2
200	74
156	86
177	123
79	5
110	240
127	129
42	81
233	43
25	130
38	178
112	116
228	218
242	230
61	46
95	71
32	147
216	164
63	134
60	179
164	202
97	51
114	58
86	230
236	126
53	211
223	2
118	86
21	77
49	150
250	155
64	208
243	38
5	106
146	173
62	183
234	145
193	99
101	166
221	40
170	105
108	96
45	177
250	53
45	241
220	174
29	72
235	133
186	244
197	119
117	1
232	11
215	170
175	216
71	64
16	73
45	91
82	111
209	71
226	114
209	62
113	48
148	90
152	231
194	55
177	193
187	213
4	76
135	132
102	116
81	2
200	175
237	50
220	33
83	176
229	94
29	199
242	212
209	223
237	79
68	12
127	48
90	204
208	164
204	145
186	201
35	119
188	2
240	153
208	96
9	3
106	189
57	8
125	147
22	138
58	202
203	127
35	90
17	174
67	37
127	194
178	29
159	127
170	6
3	128
180	136
34	119
167	230
185	103
181	26
195	103
6	186
208	229
29	126
186	241
174	49
112	153
97	119
183	21
33	15
97	178
237	245
182	190
168	202
133	170
37	168
63	119
14	8
176	182
14	158
101	167
77	246
124	236
25	41
110	213
197	51
153	112
145	125
171	26
199	147
154	124
205	161
57	96
40	74
241	175
21	23
177	241
66	210
186	3
81	186
212	90
163	229
153	131
176	53
206	248
186	224
79	74
91	209
163	168
237	189
231	110
228	50
214	78
134	129
152	203
66	170
180	81
21	244
247	184
144	50
16	39
210	222
46	221
65	44
131	203
146	20
127	128
157	18
146	250
245	128
23	209
122	3
133	196
21	61
6	75
151	7
178	32
204	107
117	169
118	190
93	110
246	121
187	61
82	45
223	38
200	7
187	80
143	42
224	154
77	86
32	116
238	7
143	144
148	133
47	162
75	125
3	124
95	189
176	145
176	149
76	111
204	192
57	125
230	57
233	106
184	12
20	83
140	184
3	18
120	59
23	225
242	65
100	157
213	142
201	147
236	228
77	188
96	9
52	220
16	167
75	209
65	229
135	179
231	129
101	195
15	190
134	147
60	99
149	210
137	22
130	203
168	88
7	77
25	98
101	195
73	203
87	91
186	232
23	153
109	116
184	79
16	140
200	99
237	226
170	168
80	191
217	1
78	45
12	51
149	81
9	41
143	89
244	99
187	142
42	100
221	246
164	99
88	149
125	155
20	121
238	113
249	186
113	61
248	42
43	196
157	225
55	7
70	206
33	151
107	65
225	71
248	214
72	125
71	8
76	3
205	192
210	25
3	160
42	14
96	66
118	210
191	105
176	173
250	167
9	58
179	154
52	173
149	59
150	101
222	219
212	115
246	131
104	149
43	62
81	218
75	227
62	70
233	238
173	66
153	56
58	69
238	126
67	114
152	155
60	79
74	187
65	33
39	164
179	200
131	56
191	199
64	191
26	162
205	173
121	244
92	235
138	192
121	162
64	138
155	146
65	152
169	6
211	81
12	19
79	102
236	94
64	44
187	157
242	217
125	67
95	12
148	161
190	20
115	177
188	30
107	173
91	164
126	225
73	245
5	19
249	125
126	131
46	17
76	248
2	41
186	143
154	198
43	79
48	112
91	9
238	95
219	82
87	15
175	62
85	239
92	1
52	206
109	208
118	32
49	222
78	33
185	61
63	155
131	143
117	94
213	123
16	212
80	43
193	210
150	248
43	108
225	191
91	123
12	212
29	86
33	60
199	245
118	148
205	84
71	158
54	250
28	205
151	214
50	112
102	104
101	233
146	178
209	44
226	225
193	109
94	206
47	151
202	140
131	77
63	54
119	208
122	80
201	184
68	103
183	121
200	93
123	115
169	113
249	215
244	33
36	134
226	128
220	192
184	117
25	13
128	232
78	23
17	53
82	24
189	224
131	184
159	106
142	196
26	92
133	180
14	151
63	21
5	135
250	126
106	175
248	236
163	126
88	36
75	62
220	47
41	68
245	148
42	227
208	196
45	19
127	193
148	232
246	241
17	243
215	194
54	225
104	248
136	174
227	25
195	90
203	184
179	230
183	141
82	31
22	96
184	46
82	34
225	131
203	192
56	9
136	248
210	80
21	243
207	186
73	68
23	48
15	3
48	15
193	17
149	18
172	218
193	219
222	249
126	24
111	35
17	48
1	181
246	32
155	27
87	121
197	96
70	178
160	162
45	18
63	24
154	1
201	246
1	235
129	155
163	65
211	92
112	125
42	227
141	157
9	125
148	137
212	178
130	52
33	164
226	245
221	25
180	113
219	77
185	149
162	19
38	112
18	116
110	128
81	177
84	221
121	190
36	102
238	166
32	159
133	72
230	8
90	27
97	188
6	22
48	133
205	17
160	22
129	15
134	194
3	81
188	211
172	226
116	25
105	7
141	183
244	115
124	94
213	54
79	236
222	16
21	122
170	117
157	130
106	248
13	75
165	143
42	96
248	184
14	78
24	128
55	156
111	7
119	54
76	39
214	102
77	87
246	92
58	201
246	34
78	145
222	22
102	15
174	99
106	27
75	234
218	242
224	55
94	244
70	118
120	96
144	156
98	36
126	250
12	213
28	98
221	132
231	138
32	80
214	114
159	219
158	194
189	245
217	222
226	208
154	83
195	34
248	76
250	129
183	16
232	49
33	98
183	247
110	66
227	86
57	122
199	204
168	83
109	39
152	55
108	179
11	80
241	17
193	146
31	246
79	167
150	83
226	103
208	161
235	8
139	163
44	173
224	243
226	24
189	102
219	239
205	214
47	56
243	37
112	196
72	10
48	151
9	100
229	24
75	51
127	199
185	12
71	77
25	19
53	237
6	113
73	96
17	155
219	67
95	102
171	42
119	181
71	72
152	15
195	98
43	93
70	146
180	90
101	179
76	159
199	97
39	189
169	90
209	105
8	24
172	154
247	210
153	9
179	159
98	75
39	47
29	210
234	121
198	100
228	20
189	238
43	213
235	169
144	60
213	105
64	40
45	178
146	7
122	83
43	90
33	125
40	184
245	44
147	217
97	119
49	241
208	227
84	39
122	30
15	4
214	172
103	195
71	170
29	55
49	149
151	50
11	225
196	201
80	46
22	123
210	47
219	189
151	193
90	212
118	135
127	210
35	223
33	48
152	160
5	128
54	72
71	159
99	75
132	212
45	57
141	54
53	189
142	114
65	15
250	74
9	87
109	12
2	24
71	141
116	158
86	64
86	82
115	178
28	236
170	241
100	80
141	15
33	185
248	18
105	152
54	249
234	164
42	172
219	2
142	207
222	187
132	184
139	95
52	33
51	124
241	157
191	203
83	27
40	83
173	113
96	38
120	250
238	39
118	108
42	232
159	6
226	123
87	213
27	119
245	134
100	32
77	16
111	222
144	120
141	98
180	118
240	39
24	148
181	9
240	229
40	119
194	56
200	66
83	64
197	33
225	217
137	40
55	51
111	16
54	149
130	221
220	70
24	169
219	167
12	24
190	182
140	51
211	240
50	103
25	99
147	156
153	234
235	165
247	179
139	162
248	43
17	144
32	136
183	8
8	219
65	109
49	175
190	68
36	24
105	80
224	146
115	23
55	244
38	219
157	206
192	99
146	19
153	76
246	202
62	66
59	123
184	175
3	191
41	201
250	76
16	190
162	110
177	93
174	83
242	57
26	21
226	216
40	168
190	184
218	127
151	86
222	50
104	94
7	183
16	20
184	220
108	111
108	189
116	105
198	182
99	43
134	140
34	167
57	167
128	19
2	105
73	33
178	135
49	164
181	176
243	109
104	25
101	1
181	232
143	104
208	160
229	215
173	204
34	52
217	250
158	120
41	125
20	78
16	52
227	245
77	52
189	223
239	196
186	22
137	167
5	57
231	20
45	247
48	136
203	125
44	114
234	134
105	35
83	197
82	1
155	96
245	134
94	201
56	33
187	139
136	68
28	220
116	20
114	19
45	214
203	130
156	216
227	242
81	110
157	204
117	127
29	163
86	21
182	77
163	165
84	126
188	143
223	239
49	109
238	96
7	20
233	215
191	149
167	54
52	24
156	179
170	50
57	231
81	175
230	150
176	185
247	156
216	55
143	87
70	97
246	211
181	85
98	223
215	246
52	121
121	174
24	119
29	53
11	234
148	9
211	36
28	173
39	202
232	49
163	92
74	114
59	185
157	52
205	113
123	192
136	237
177	133
2	34
199	213
104	190
21	169
161	16
122	192
236	231
66	241
103	134
38	182
131	6
130	28
126	105
200	232
175	30
179	28
5	124
192	80
218	190
133	70
101	135
104	137
4	114
9	42
9	236
172	114
115	37
110	140
54	107
225	157
186	191
224	77
246	111
172	25
196	31
219	75
81	224
137	45
21	117
57	234
183	52
104	130
12	158
212	167
104	158
22	131
59	16
183	137
85	173
35	50
189	241
96	81
220	182
4	59
161	230
5	225
124	30
21	148
206	150
146	215
100	44
71	163
151	14
79	194
12	250
146	161
41	221
203	105
195	55
217	214
192	119
86	115
62	107
238	57
53	106
65	237
138	222
144	166
109	246
116	112
212	199
133	102
202	194
211	48
8	83
63	25
214	88
45	157
7	211
222	199
84	18
244	173
45	70
192	100
78	149
182	87
101	11
200	43
19	14
181	156
159	132
229	19
150	58
215	191
228	127
162	122
93	156
91	32
80	146
220	47
206	173
85	177
8	108
25	213
171	58
188	136
8	145
78	149
45	224
222	163
130	216
218	39
63	188
7	20
124	15
189	156
125	90
81	100
160	204
245	111
196	214
172	211
180	223
83	210
214	70
180	24
88	56
228	238
167	34
117	146
116	186
86	117
6	109
245	240
26	96
39	27
202	43
245	234
147	64
178	188
35	100
133	232
21	62
77	248
70	204
143	62
198	138
219	47
16	134
207	87
33	46
36	250
214	106
14	110
237	221
25	78
85	101
157	83
191	90
141	208
19	90
197	176
56	100
126	104
125	217
223	68
97	151
175	138
98	120
115	190
223	176
202	213
75	188
64	102
79	73
248	101
156	29
76	22
11	231
220	50
73	118
89	7
44	25
67	73
226	132
12	13
113	231
55	13
166	120
216	226
159	203
65	217
15	86
217	245
227	96
110	140
238	55
120	37
133	13
59	137
61	140
190	163
68	11
105	131
161	84
52	33
146	185
142	157
143	36
64	222
235	108
200	8
121	223
250	5
79	46
150	112
128	121
149	229
168	163
125	115
132	62
5	27
52	134
37	144
24	59
105	27
30	187
224	228
117	115
28	64
181	173
122	87
88	145
191	76
228	79
53	182
219	125
237	102
242	61
120	92
64	95
68	167
229	163
123	110
79	236
212	229
107	133
173	92
245	149
210	97
246	57
208	142
217	167
212	154
69	159
235	184
71	39
117	19
171	139
221	3
144	190
138	208
12	37
103	220
245	248
151	93
178	21
204	181
21	109
187	193
199	224
86	37
28	174
142	56
225	217
177	13
84	130
245	51
118	94
216	82
177	99
1	10
94	70
29	85
185	11
229	187
193	183
224	221
78	104
130	7
62	71
128	241
4	32
217	135
159	155
81	98
15	77
94	151
23	187
222	103
71	160
85	158
172	99
185	134
236	232
12	171
186	143
20	228
6	54
212	134
82	249
227	59
41	93
227	190
59	92
45	78
125	137
110	65
28	31
248	146
207	29
201	109
222	82
31	218
236	7
217	211
24	35
35	54
140	139
132	222
53	7
99	214
71	120
31	35
230	27
53	50
204	34
23	161
121	119
66	135
186	244
162	26
146	138
146	112
77	125
29	155
178	38
239	115
29	51
219	131
66	18
196	33
141	31
48	113
250	19
79	47
168	142
72	104
199	243
143	212
233	21
235	200
179	47
168	59
238	115
243	78
157	97
195	101
172	86
153	211
214	206
218	124
85	26
19	56
71	81
103	196
197	18
187	35
218	52
178	185
231	40
54	234
115	148
244	80
117	22
82	164
106	146
119	144
168	126
26	108
235	180
69	116
180	210
124	183
203	78
228	194
156	245
121	59
11	245
137	7
153	171
57	171
234	142
174	147
120	145
89	245
77	18
93	237
184	159
226	88
61	152
9	211
202	25
179	74
108	178
136	212
227	24
31	106
49	174
36	42
25	80
147	148
194	209
109	209
45	51
122	204
98	65
142	192
45	139
126	227
1	165
98	228
83	8
45	51
247	250
111	38
213	224
35	38
34	250
245	35
139	148
18	78
93	132
182	7
213	142
160	211
51	34
179	153
186	238
171	84
104	94
103	80
73	247
15	23
22	32
176	138
16	147
147	184
120	231
123	116
168	133
56	50
28	169
246	230
180	156
240	89
76	98
95	167
33	70
122	193
182	26
155	210
175	20
250	223
31	63
161	198
230	241
207	61
128	145
209	47
227	206
148	25
4	194
23	174
132	103
186	14
243	25
31	57
238	107
38	250
119	105
31	85
91	55
187	196
112	123
33	228
144	120
178	213
46	201
247	5
32	186
243	222
81	115
150	6
222	54
182	42
27	155
71	149
92	192
120	153
146	71
209	93
162	168
61	138
132	67
40	238
212	147
17	99
84	228
65	3
73	61
69	151
142	80
25	222
77	4
218	32
27	223
197	233
164	167
128	81
229	157
168	158
140	82
75	172
186	249
67	153
141	96
149	123
1	198
199	16
215	200
224	29
25	208
178	159
21	222
189	222
43	227
169	142
220	209
219	15
224	245
84	134
31	120
31	35
100	74
36	110
75	184
95	32
54	107
105	164
21	186
5	4
133	77
40	54
227	159
159	133
82	185
208	3
63	8
216	163
5	163
23	141
82	108
218	60
14	121
188	121
89	29
63	181
103	7
37	51
145	198
39	56
26	3
13	145
147	187
239	142
169	215
165	164
87	70
99	90
20	58
143	210
137	187
45	178
175	36
5	227
237	208
140	241
226	207
102	108
246	14
117	216
5	202
243	226
137	201
186	113
55	205
102	186
161	213
13	68
71	192
163	194
161	43
172	50
172	130
200	206
177	81
81	59
51	225
44	118
39	233
107	62
218	78
40	124
97	35
110	123
220	193
209	29
98	24
230	249
43	17
238	137
182	29
34	42
17	181
117	200
117	236
12	80
238	236
148	18
183	146
209	91
191	27
22	125
25	196
38	45
242	65
203	5
240	238
204	96
205	247
65	42
168	231
177	164
74	228
15	227
71	56
199	5
223	154
169	80
33	198
236	60
152	236
241	3
19	51
44	144
190	44
196	94
231	158
117	53
6	17
155	139
250	231
128	18
207	191
20	188
203	39
59	23
219	208
205	70
235	28
152	231
120	172
7	38
163	243
51	168
38	25
147	133
130	241
11	59
77	195
228	52
228	21
72	77
47	176
88	17
156	148
48	135
104	164
73	18
178	78
150	192
234	6
132	103
3	142
219	79
39	151
86	11
148	56
112	246
130	104
222	142
189	160
167	17
222	217
161	157
180	51
203	166
159	183
237	249
130	162
9	155
119	215
229	2
250	42
59	153
195	49
83	109
193	9
21	122
33	225
160	90
216	89
223	128
146	200
82	80
94	139
93	25
220	159
118	197
17	115
128	41
99	92
3	82
117	84
28	74
73	170
155	180
148	33
219	101
175	198
235	166
77	174
45	141
74	133
231	185
81	24
97	249
194	114
66	233
39	154
149	218
246	84
198	118
43	137
234	208
8	43
168	167
135	223
136	7
30	161
98	13
74	27
169	23
205	214
98	174
137	37
15	81
90	30
229	169
191	37
55	64
111	190
83	15
237	188
77	1
4	119
231	193
204	66
88	2
187	242
141	187
48	136
116	185
34	52
99	245
15	104
40	151
111	182
87	213
61	182
30	79
95	205
26	34
76	155
224	149
13	165
91	93
120	215
234	51
117	125
107	154
146	8
235	182
155	229
110	90
135	35
74	184
114	129
137	98
206	189
193	25
198	119
71	169
136	191
191	156
195	87
132	201
68	44
73	123
106	151
79	89
135	133
62	38
227	161
248	62
110	206
179	151
56	161
37	76
187	152
67	73
66	110
202	238
14	151
58	29
2	181
78	228
48	75
224	238
57	143
111	190
162	182
89	26
176	94
163	145
161	20
98	177
124	120
211	172
164	177
16	4
122	182
105	128
100	243
65	108
78	96
8	38
92	173
232	120
42	71
90	82
43	218
199	247
208	138
60	162
61	107
95	153
46	25
94	63
75	60
44	129
81	190
110	205
154	55
39	188
250	156
150	60
35	209
55	121
249	185
245	187
241	9
17	157
140	214
224	167
247	8
203	155
48	21
140	113
139	209
26	201
22	51
144	86
197	129
175	157
3	213
152	128
247	200
4	32
117	108
24	99
186	173
97	152
240	187
167	199
163	208
27	153
118	116
57	210
8	171
86	70
44	101
244	248
9	110
165	47
43	137
50	18
12	113
43	150
107	204
164	177
168	144
202	63
189	141
61	126
183	226
172	3
105	205
106	44
29	187
124	141
58	132
162	198
22	216
143	95
24	210
65	81
84	22
57	111
134	71
185	107
180	132
50	64
203	217
38	60
179	40
153	98
194	32
247	165
209	224
102	201
171	59
234	209
83	180
238	23
155	66
54	185
13	237
117	139
178	108
3	70
62	25
172	4
217	118
116	159
107	25
208	222
85	137
216	113
78	54
156	35
74	27
59	43
208	136
116	58
16	218
128	49
199	135
12	126
37	230
188	2
29	65
250	27
248	131
240	224
225	177
210	187
156	88
148	179
217	37
15	180
20	184
235	221
54	152
114	188
7	67
243	2
229	102
63	80
2	176
96	137
5	16
248	154
206	19
239	197
249	97
146	31
129	93
73	211
214	141
220	166
66	74
31	6
226	50
159	42
106	41
95	112
115	116
172	187
91	239
134	16
174	231
113	134
2	99
237	248
109	89
159	48
162	143
224	24
151	38
195	162
130	30
39	244
129	198
194	229
177	129
177	145
149	231
171	41
144	81
205	65
129	7
216	48
166	45
243	27
50	206
24	8
142	207
195	37
123	110
175	56
130	81
181	186
142	232
175	232
10	114
137	218
57	163
228	159
244	242
126	116
164	138
34	131
178	175
26	20
62	111
121	84
82	230
90	3
149	111
116	11
221	225
89	118
72	3
62	23
171	85
97	96
57	66
223	247
119	139
165	41
106	19
143	112
60	78
28	17
17	180
205	153
21	224
168	174
213	45
36	98
121	18
161	153
5	36
74	54
167	241
118	146
228	149
22	243
248	119
94	93
122	240
60	216
120	56
135	212
100	17
128	72
193	116
242	208
225	111
107	206
47	221
176	222
92	147
177	241
81	198
193	108
171	127
11	121
182	223
157	15
115	72
87	107
108	157
110	205
236	103
167	243
93	123
197	151
242	100
209	181
49	191
61	97
70	150
160	200
68	232
144	201
210	226
120	41
24	204
93	239
169	63
124	229
200	92
181	215
28	92
171	207
194	32
193	105
127	163
92	16
166	56
222	182
218	174
1	89
171	35
12	189
199	176
42	121
25	56
192	41
37	41
132	5
13	105
186	176
133	17
32	114
85	33
245	210
238	22
124	49
52	183
29	192
76	142
189	43
150	19
204	161
1	216
16	29
192	145
72	188
16	206
37	94
222	243
186	185
249	8
198	216
123	214
99	108
189	168
223	182
219	68
86	156
156	95
101	219
36	96
42	117
103	174
94	95
143	208
32	38
2	108
234	41
194	158
182	130
45	97
25	1
101	157
117	32
49	226
12	172
150	156
112	152
55	139
34	11
62	41
26	223
34	47
103	6
61	201
188	222
57	154
116	22
59	219
16	12
135	10
201	33
78	135
214	158
157	65
19	101
135	94
106	143
133	136
144	101
207	204
170	10
96	196
63	173
80	166
23	248
185	102
116	141
3	215
186	134
68	48
212	140
173	204
233	182
103	33
115	131
89	238
80	230
228	156
89	147
19	85
133	178
39	159
245	57
41	230
193	204
22	57
197	213
244	178
63	176
151	200
131	47
115	16
119	76
215	216
47	20
113	164
60	197
38	192
190	218
44	237
102	199
19	221
174	241
59	87
177	123
68	91
20	156
34	190
176	175
204	212
247	179
42	57
12	24
44	2
105	201
241	146
122	14
168	178
197	47
105	38
29	250
191	52
222	40
212	1
145	57
30	88
180	214
216	60
91	119
58	199
199	97
116	128
88	81
107	81
245	135
92	71
115	229
61	151
98	112
83	104
14	238
205	106
105	62
158	69
151	29
109	70
74	214
57	198
73	209
158	217
27	110
165	36
243	14
31	85
222	135
57	119
28	161
136	99
235	179
155	127
172	16
223	216
95	71
41	11
6	18
157	13
36	81
186	78
173	149
213	54
171	224
163	221
52	81
106	216
129	67
111	104
233	239
206	120
163	31
212	125
104	35
120	104
131	182
71	130
152	39
248	56
128	249
76	166
88	206
185	5
13	11
176	228
39	67
250	199
21	20
183	130
172	64
197	212
189	2
161	119
241	35
158	166
74	75
33	109
191	87
205	146
167	196
82	159
159	244
228	116
132	110
84	203
105	107
157	225
15	116
6	109
49	228
116	66
242	161
230	27
133	157
36	189
239	236
150	5
196	44
77	2
62	112
46	15
156	235
46	1
201	92
199	216
115	219
31	232
145	148
82	12
6	139
86	199
237	125
207	135
67	59
145	121
248	200
31	72
79	98
48	128
115	166
83	44
105	151
121	20
135	210
6	205
58	12
127	90
129	17
47	51
233	29
144	8
170	3
122	33
163	113
209	3
242	201
89	41
87	242
234	31
117	190
79	143
61	230
235	209
24	183
173	55
118	96
98	36
155	62
100	22
229	58
115	190
124	120
162	73
124	241
112	103
8	109
41	100
26	201
122	36
153	174
79	17
124	198
102	95
197	13
212	78
106	93
220	14
117	193
150	94
55	164
86	177
138	214
146	186
213	200
156	88
158	165
36	178
95	198
73	90
163	18
193	237
74	206
249	31
45	20
180	100
176	226
98	152
107	168
42	15
228	19
125	206
225	2
215	17
181	191
113	126
93	85
104	127
119	206
117	61
156	128
121	69
189	117
246	42
248	186
235	223
170	216
148	39
133	51
87	127
152	107
92	116
23	124
45	175
10	134
33	182
169	181
26	73
83	123
154	151
209	224
136	188
