1	2
2	3
3	4
4	5
5	6
6	7
7	8
8	9
9	10
10	11
11	12
12	13
13	14
14	15
15	16
16	17
17	18
18	19
19	20
20	21
21	22
22	23
23	24
24	25
25	26
26	27
27	28
28	29
29	30
30	31
31	32
32	33
33	34
34	35
35	36
36	37
37	38
38	39
39	40
40	41
41	42
42	43
43	44
44	45
45	46
46	47
47	48
48	49
49	50
50	51
51	52
52	53
53	54
54	55
55	56
56	57
57	58
58	59
59	60
60	61
61	62
62	63
63	64
64	65
65	66
66	67
67	68
68	69
69	70
70	71
71	72
72	73
73	74
74	75
75	76
76	77
77	78
78	79
79	80
80	81
81	82
82	83
83	84
84	85
85	86
86	87
87	88
88	89
89	90
90	91
91	92
92	93
93	94
94	95
95	96
96	97
97	98
98	99
99	100
100	101
101	102
102	103
103	104
104	105
105	106
106	107
107	108
108	109
109	110
110	111
111	112
112	113
113	114
114	115
115	116
116	117
117	118
118	119
119	120
120	121
121	122
122	123
123	124
124	125
125	126
126	127
127	128
128	129
129	130
130	131
131	132
132	133
133	134
134	135
135	136
136	137
137	138
138	139
139	140
140	141
141	142
142	143
143	144
144	145
145	146
146	147
147	148
148	149
149	150
150	151
151	152
152	153
153	154
154	155
155	156
156	157
157	158
158	159
159	160
160	161
161	162
162	163
163	164
164	165
165	166
166	167
167	168
168	169
169	170
170	171
171	172
172	173
173	174
174	175
175	176
176	177
177	178
178	179
179	180
180	181
181	182
182	183
183	184
184	185
185	186
186	187
187	188
188	189
189	190
190	191
191	192
192	193
193	194
194	195
195	196
196	197
197	198
198	199
199	200
200	201
201	202
202	203
203	204
204	205
205	206
206	207
207	208
208	209
209	210
210	211
211	212
212	213
213	214
214	215
215	216
216	217
217	218
218	219
219	220
220	221
221	222
222	223
223	224
224	225
225	226
226	227
227	228
228	229
229	230
230	231
231	232
232	233
233	234
234	235
235	236
236	237
237	238
238	239
239	240
240	241
241	242
242	243
243	244
244	245
245	246
246	247
247	248
248	249
249	250
250	251
251	252
252	253
253	254
254	255
255	256
256	257
257	258
258	259
259	260
260	261
261	262
262	263
263	264
264	265
265	266
266	267
267	268
268	269
269	270
270	271
271	272
272	273
273	274
274	275
275	276
276	277
277	278
278	279
279	280
280	281
281	282
282	283
283	284
284	285
285	286
286	287
287	288
288	289
289	290
290	291
291	292
292	293
293	294
294	295
295	296
296	297
297	298
298	299
299	300
300	301
301	302
302	303
303	304
304	305
305	306
306	307
307	308
308	309
309	310
310	311
311	312
312	313
313	314
314	315
315	316
316	317
317	318
318	319
319	320
320	321
321	322
322	323
323	324
324	325
325	326
326	327
327	328
328	329
329	330
330	331
331	332
332	333
333	334
334	335
335	336
336	337
337	338
338	339
339	340
340	341
341	342
342	343
343	344
344	345
345	346
346	347
347	348
348	349
349	350
350	351
351	352
352	353
353	354
354	355
355	356
356	357
357	358
358	359
359	360
360	361
361	362
362	363
363	364
364	365
365	366
366	367
367	368
368	369
369	370
370	371
371	372
372	373
373	374
374	375
375	376
376	377
377	378
378	379
379	380
380	381
381	382
382	383
383	384
384	385
385	386
386	387
387	388
388	389
389	390
390	391
391	392
392	393
393	394
394	395
395	396
396	397
397	398
398	399
399	400
191	8
225	294
234	103
27	65
219	34
373	268
32	248
193	57
327	3
131	199
68	202
191	380
152	263
296	178
395	392
39	275
370	43
399	391
346	41
51	77
375	277
122	41
378	136
63	38
258	161
102	176
335	199
347	41
52	94
119	231
20	176
127	176
210	369
260	54
9	349
325	142
395	302
71	87
378	285
75	149
228	61
354	194
252	51
18	187
353	166
224	214
305	370
317	190
192	220
297	381
289	140
261	129
234	369
41	228
22	264
204	65
368	159
177	120
369	286
396	259
389	348
181	301
361	4
238	117
365	69
284	238
63	33
370	244
316	28
124	148
107	26
144	350
338	267
254	393
12	153
220	31
92	131
225	289
78	125
276	194
388	278
105	230
292	325
119	200
31	198
254	167
385	188
250	235
107	291
117	112
278	264
390	44
120	180
377	21
292	158
95	60
280	368
367	223
290	205
113	15
83	187
306	96
397	2
227	3
253	166
294	61
303	71
107	63
230	376
7	358
56	327
376	294
144	285
15	17
262	354
77	317
59	98
261	28
50	351
179	167
21	97
352	161
379	267
284	389
316	347
262	62
160	65
99	92
54	299
83	349
10	14
219	106
194	125
194	203
184	277
306	268
159	151
231	183
98	73
4	319
18	58
220	227
181	284
390	394
155	283
219	302
122	226
113	78
337	347
399	45
91	237
181	98
207	41
381	341
395	68
243	386
240	230
126	254
296	66
300	323
359	183
150	157
332	65
139	377
67	24
127	175
338	287
253	132
394	279
199	291
37	383
7	284
254	152
136	153
166	305
256	140
129	251
272	37
24	17
180	132
359	249
248	56
54	209
157	327
161	328
28	152
142	178
333	88
216	39
160	187
269	382
97	78
253	215
208	37
37	272
60	156
33	242
134	299
199	119
74	89
110	81
337	11
42	130
156	227
230	53
337	35
123	173
307	340
369	310
287	102
219	342
376	287
65	41
263	206
278	304
90	213
108	97
9	395
369	124
232	225
345	369
379	148
76	345
35	303
147	335
11	128
192	78
150	93
35	302
279	110
205	124
316	213
180	29
17	77
334	177
146	361
102	7
313	8
389	171
339	121
98	285
176	224
331	278
100	224
200	248
274	231
76	171
145	1
127	345
323	275
232	111
89	73
189	176
204	380
369	123
236	137
39	253
17	257
285	137
36	400
267	121
333	220
24	243
149	276
160	30
70	2
100	123
84	293
255	245
279	87
121	242
98	309
196	303
163	310
104	97
239	282
219	182
176	74
239	388
354	120
306	194
378	358
94	67
288	211
91	128
360	82
7	260
11	73
333	96
229	91
185	82
269	280
165	147
339	57
378	104
221	96
184	185
269	315
338	176
225	102
160	33
165	243
182	30
78	70
214	311
314	137
228	76
2	73
207	38
325	110
213	227
107	92
221	399
139	244
288	101
24	163
228	68
294	339
167	375
43	134
238	381
110	252
248	356
81	295
150	305
329	334
93	238
155	297
48	368
278	3
312	307
208	366
192	52
180	374
315	228
172	200
78	371
49	398
382	372
30	6
389	107
278	166
81	52
70	370
218	170
269	112
92	178
231	382
41	247
329	1
127	58
397	185
387	209
66	359
72	207
346	6
28	319
367	47
343	220
90	165
149	305
102	360
90	34
222	92
119	229
320	161
371	265
171	220
92	348
95	6
398	110
360	108
307	398
373	276
96	51
130	275
23	259
126	282
367	373
22	19
169	60
273	237
141	79
111	331
60	150
120	39
268	263
13	395
16	21
85	41
371	383
151	25
8	124
24	334
142	196
109	47
3	10
244	162
157	88
62	84
156	300
70	201
257	304
156	165
42	118
284	379
67	336
272	381
111	119
265	183
30	230
186	33
174	238
99	52
327	328
8	334
208	41
199	323
203	259
172	5
16	247
99	149
255	34
136	276
356	113
231	304
338	207
96	19
400	394
40	69
233	93
23	243
68	108
361	87
308	363
333	172
109	363
155	125
317	294
91	159
35	351
366	142
331	367
168	261
361	11
18	243
32	198
373	103
81	260
197	60
123	386
186	41
141	113
396	223
146	135
261	298
81	400
285	317
170	175
6	315
100	42
308	67
253	144
61	369
331	286
120	195
151	376
32	152
279	392
302	21
393	239
47	312
277	175
32	167
85	398
64	30
30	290
95	210
195	333
263	37
214	294
223	184
48	135
237	112
170	272
193	299
281	212
70	188
122	126
21	133
189	153
108	391
54	101
144	298
376	20
334	198
37	63
172	163
46	65
58	326
342	85
41	147
310	263
40	273
224	143
332	195
376	266
388	50
194	304
133	12
230	384
56	105
270	174
123	149
130	223
185	299
214	166
316	317
114	216
53	328
360	267
235	204
134	237
267	247
353	275
296	107
237	34
43	78
114	129
42	235
311	341
218	237
81	232
327	361
170	138
2	386
162	237
375	309
344	232
369	166
176	206
182	396
360	109
262	326
269	325
311	207
383	179
135	192
367	287
269	300
212	267
297	201
254	271
43	199
99	22
96	223
264	105
165	257
285	21
274	363
315	229
158	246
297	182
207	367
349	245
152	384
228	126
54	175
193	3
270	307
379	378
269	285
215	75
106	306
278	106
15	26
246	352
128	63
29	333
262	99
130	343
89	169
183	43
34	291
274	320
218	261
295	197
9	156
66	398
395	106
97	13
271	9
184	187
251	185
311	259
236	102
314	362
70	22
339	29
321	224
127	139
176	341
83	272
52	178
262	130
252	121
198	13
75	188
184	313
70	189
166	45
76	154
54	249
1	294
6	101
294	364
169	296
380	385
386	130
107	80
19	291
366	149
41	127
339	31
48	310
315	188
41	28
159	312
93	64
4	281
44	188
226	140
392	246
20	300
152	299
94	252
101	256
85	15
57	300
1	375
199	387
284	147
268	39
237	350
180	222
385	244
148	202
306	10
328	333
328	367
236	261
178	208
143	400
243	132
189	343
184	313
234	138
203	23
157	320
19	175
9	46
17	107
191	51
242	74
239	277
369	377
251	259
62	362
139	199
226	228
89	118
157	23
316	59
236	232
262	334
135	271
358	29
141	230
185	145
148	299
12	145
196	399
381	386
141	319
62	301
174	397
223	11
21	300
107	209
125	169
12	302
311	375
170	257
63	142
37	145
275	83
348	9
104	382
73	56
221	383
121	227
142	340
142	367
255	278
395	201
75	123
81	76
80	102
381	24
285	152
187	135
22	160
141	207
210	312
286	214
389	220
42	372
399	23
193	22
153	332
167	362
219	96
176	257
174	359
344	236
139	203
389	340
130	61
187	49
304	169
108	13
48	362
183	118
301	81
69	36
322	352
61	97
18	208
102	231
166	105
245	12
186	176
397	363
255	113
141	280
56	214
378	81
276	172
150	53
297	69
373	172
294	173
358	269
387	206
286	361
88	184
142	5
61	239
130	243
254	117
107	39
146	309
254	268
24	366
139	182
42	268
308	155
137	398
349	267
349	390
286	41
7	384
7	231
191	220
117	38
199	54
292	59
204	80
253	268
16	213
20	326
204	231
53	206
6	64
244	10
366	343
115	390
70	281
221	174
386	346
109	364
143	285
159	353
195	26
43	245
77	102
186	220
56	255
313	169
59	177
237	82
31	36
164	22
122	319
115	234
204	330
341	137
5	392
324	287
24	188
302	271
230	323
28	114
136	68
326	41
286	188
216	310
138	44
160	292
319	128
210	328
334	218
135	293
327	129
299	309
328	243
314	193
297	382
351	277
112	371
45	43
298	217
200	231
235	381
88	133
58	349
253	104
179	275
75	283
137	361
12	288
78	393
372	203
355	36
172	238
183	133
243	86
51	290
194	236
310	73
371	4
98	300
223	56
196	92
171	138
174	212
152	309
136	229
37	92
245	44
116	220
62	85
18	310
361	209
321	382
351	33
67	342
290	21
135	262
399	336
107	188
372	314
29	130
290	307
167	108
21	113
314	80
283	246
56	375
242	40
297	8
371	399
261	43
190	332
334	355
181	350
64	110
305	164
187	365
186	208
185	57
159	394
344	207
258	39
333	223
102	258
375	361
147	248
31	71
400	282
350	399
273	3
209	137
224	204
325	389
110	65
276	253
312	130
377	155
53	38
197	20
374	95
169	10
194	252
233	96
15	57
9	22
308	260
154	349
27	30
237	325
62	110
159	150
352	59
149	17
178	195
169	389
36	126
352	382
151	178
96	235
104	132
54	345
97	175
335	131
111	191
397	243
24	41
84	66
47	187
24	109
119	334
222	230
111	316
351	176
132	359
26	56
378	96
362	100
119	27
250	233
108	194
73	253
30	217
28	284
188	301
135	103
398	335
293	306
263	383
280	64
336	148
190	41
57	283
342	43
92	84
392	355
185	49
379	223
59	397
79	186
126	216
337	177
140	16
332	248
126	141
230	244
343	206
369	70
391	173
181	287
76	145
117	31
121	316
126	27
72	111
398	19
292	94
372	203
324	329
288	310
28	48
250	134
205	116
112	238
370	224
317	296
281	361
153	156
170	342
272	397
117	152
78	285
68	28
353	199
136	85
99	241
190	247
341	140
237	317
151	322
42	23
24	302
76	152
257	374
339	87
59	120
109	73
357	296
85	397
366	289
93	115
29	154
104	56
258	233
152	15
248	354
369	98
298	80
304	329
199	371
363	264
329	3
400	386
324	230
96	114
383	215
245	325
377	63
375	51
186	136
215	39
108	82
19	281
256	313
247	81
341	202
244	297
21	5
191	209
137	197
72	224
249	94
272	92
214	352
366	272
353	106
358	363
269	254
349	283
293	272
147	144
295	384
115	331
144	11
72	67
90	286
268	183
251	170
116	202
350	264
327	186
179	352
352	265
325	305
183	15
173	176
189	263
87	2
224	296
381	40
303	361
37	387
243	116
344	326
267	244
233	123
284	25
136	97
90	377
137	45
310	99
276	79
263	262
244	186
247	143
337	290
103	214
97	317
189	158
394	171
67	301
23	258
166	380
368	7
265	31
294	360
235	4
396	331
266	198
353	116
349	71
221	61
282	9
163	261
74	209
390	78
92	97
265	232
272	228
12	52
10	310
308	138
111	376
178	138
152	93
116	285
330	231
256	76
114	128
148	316
373	392
392	222
255	141
314	135
340	183
314	77
110	13
159	144
311	14
226	190
68	207
167	41
187	339
314	322
356	137
309	22
385	389
102	127
55	134
246	82
315	370
327	273
201	319
370	23
301	51
230	325
157	383
138	175
233	255
366	213
240	242
368	381
346	68
105	298
102	87
132	362
41	304
79	39
86	305
104	198
176	252
160	214
286	140
197	388
15	268
304	372
221	86
306	304
367	143
310	82
99	98
83	93
1	108
385	35
156	47
38	128
149	252
216	315
302	177
297	151
383	315
71	323
244	262
23	116
149	336
122	314
97	165
78	316
202	297
378	242
397	161
108	180
130	31
349	245
322	276
53	89
39	286
255	294
239	238
246	210
315	132
186	360
46	281
150	386
106	185
254	48
334	270
190	291
4	327
196	199
357	81
80	336
3	182
318	225
41	169
350	37
336	305
207	170
317	274
186	330
171	58
173	192
285	378
271	365
93	341
324	309
30	271
73	327
180	46
192	199
315	24
51	94
288	37
61	133
333	72
188	342
256	47
190	381
84	170
159	293
322	146
40	352
35	81
342	54
336	63
187	190
16	241
318	59
52	263
19	87
13	357
361	53
23	98
179	22
38	263
75	272
344	279
277	168
107	127
33	274
322	196
291	212
260	302
110	245
51	246
131	72
121	38
172	49
215	340
370	156
21	37
273	44
258	155
277	394
5	216
341	143
87	348
35	216
32	175
278	229
169	146
393	331
31	18
221	107
206	344
294	208
292	40
208	36
197	240
141	366
323	190
83	43
35	280
267	284
54	85
315	281
83	209
234	247
325	346
310	128
162	334
138	9
57	12
96	210
337	60
326	97
155	83
29	254
89	213
344	100
96	21
224	165
147	239
107	35
159	162
170	202
229	246
142	250
249	148
179	350
95	211
93	276
345	253
284	219
90	193
278	97
385	318
346	120
391	82
225	33
176	158
272	169
363	382
272	16
368	254
382	213
51	9
217	224
192	263
121	154
370	24
132	72
25	305
69	274
39	227
194	142
210	24
84	45
53	228
224	203
72	394
103	299
357	53
89	358
147	255
80	7
203	56
49	222
270	48
15	176
114	211
72	76
228	65
24	237
48	265
285	396
223	183
98	277
232	190
347	342
160	69
103	175
26	10
398	178
343	47
390	58
167	397
387	395
46	205
383	120
398	22
373	342
37	122
333	231
228	377
307	341
220	261
251	330
366	148
129	317
331	64
166	365
321	355
281	192
382	351
134	271
63	124
197	76
140	105
253	151
362	49
230	170
61	39
179	122
31	58
240	232
76	234
176	191
214	130
110	11
40	347
28	21
130	200
261	178
229	25
357	171
157	72
229	130
248	180
350	79
287	10
90	247
95	324
173	290
368	116
88	397
336	125
132	150
52	276
138	101
249	364
151	298
38	199
95	383
229	34
321	189
6	255
186	379
125	249
27	362
303	113
184	377
308	26
41	253
85	37
1	31
110	42
344	316
42	285
119	142
317	61
179	19
2	59
23	336
86	374
64	195
369	330
269	244
244	79
168	58
28	210
100	360
289	55
109	79
149	35
252	250
53	292
341	312
65	62
186	373
226	322
326	71
389	351
378	394
382	33
330	238
250	226
69	129
271	29
91	325
332	275
241	24
212	73
52	360
202	235
399	83
151	109
103	362
351	280
328	22
367	189
224	111
249	92
180	346
82	248
327	258
29	54
172	132
289	173
143	242
222	279
146	36
260	317
54	138
359	372
238	264
251	340
173	388
373	290
202	148
171	268
124	391
350	54
197	179
345	66
188	215
137	159
134	107
134	269
186	10
195	149
256	157
396	211
335	188
234	312
309	22
338	176
294	29
275	191
10	21
296	31
235	360
17	386
6	263
45	185
270	210
99	94
251	252
167	4
391	83
226	63
307	11
385	110
38	300
242	100
397	190
282	232
147	236
268	233
22	139
4	150
366	400
314	217
247	11
242	106
190	221
112	342
303	138
245	59
188	278
155	12
206	139
110	393
314	348
290	257
347	105
117	166
99	49
365	93
31	379
191	307
318	16
147	6
182	155
388	386
388	90
341	207
262	305
364	376
286	233
13	128
222	13
119	378
20	9
24	319
384	75
293	307
183	270
257	187
374	342
180	295
87	102
239	132
31	393
229	112
29	203
360	30
54	325
25	167
9	249
375	121
69	372
97	187
284	155
275	106
149	298
319	128
228	66
22	398
3	87
323	269
62	400
158	76
359	378
322	95
64	34
39	42
204	98
157	245
126	247
346	141
191	307
243	172
396	188
163	44
233	231
93	219
136	26
113	155
35	49
296	273
57	86
371	74
355	217
91	212
10	68
363	4
160	356
118	394
308	157
6	58
4	143
156	257
332	90
76	250
92	311
338	27
122	138
105	5
285	30
236	279
140	204
383	324
7	240
60	1
266	391
77	368
52	341
119	263
217	216
376	250
265	49
339	76
49	321
92	278
317	327
218	234
341	93
195	161
17	302
1	196
87	161
190	86
187	244
270	83
250	374
82	237
372	95
174	25
158	391
229	347
342	247
138	243
359	327
138	62
21	270
163	95
9	5
138	258
319	156
352	118
122	234
327	177
294	247
47	180
211	93
348	165
297	362
207	59
252	45
130	16
224	368
238	384
360	43
238	239
345	183
157	165
335	183
95	254
5	113
246	260
83	309
154	30
182	169
73	165
390	84
397	28
119	314
198	39
51	326
24	43
132	351
383	232
170	11
322	240
235	239
148	207
352	138
271	333
10	41
68	61
19	196
38	95
237	91
297	194
125	231
344	83
151	332
308	183
29	95
6	295
161	251
30	195
329	246
115	265
97	399
321	297
109	14
386	195
46	111
117	290
9	169
369	322
36	376
174	231
344	254
331	392
193	22
192	63
184	111
153	81
111	253
215	356
284	174
322	245
98	295
260	201
18	19
234	84
83	345
235	298
274	5
112	17
358	136
135	379
17	307
351	400
334	325
306	166
263	290
366	73
16	225
260	389
375	355
282	250
39	293
218	204
186	11
309	157
43	264
221	95
247	400
54	338
40	290
301	394
101	326
57	151
82	188
25	287
226	97
172	269
323	88
399	255
350	166
330	212
160	180
29	232
178	63
40	234
122	58
116	80
261	373
76	69
117	328
394	114
3	158
140	322
193	392
67	15
160	30
306	228
368	335
104	260
37	32
232	42
140	51
154	297
104	285
194	269
73	39
398	88
235	130
127	50
281	339
191	200
152	19
309	246
134	306
287	251
147	21
361	92
128	167
45	135
245	160
220	288
392	292
207	349
164	188
64	170
376	225
49	87
245	355
90	157
133	59
327	265
63	54
288	266
396	269
310	2
143	282
292	87
134	388
331	303
151	135
203	200
355	47
77	114
63	122
211	321
368	239
130	81
107	276
236	48
289	230
137	370
125	44
110	372
189	109
326	175
8	164
328	282
283	66
3	61
105	18
191	368
2	271
328	167
145	388
70	39
232	340
358	61
330	384
32	4
275	381
4	336
83	119
155	104
300	156
114	206
32	223
82	334
233	74
368	272
226	83
225	233
168	292
29	93
165	273
115	333
124	14
315	104
274	117
21	274
352	132
198	390
281	174
360	73
316	232
68	155
365	375
61	75
123	189
174	151
254	367
189	156
270	312
28	144
86	7
266	252
313	396
241	198
64	77
191	26
29	182
128	232
377	297
305	173
151	244
153	216
115	124
53	82
30	356
9	98
200	2
272	250
30	213
329	397
127	69
310	277
269	384
1	240
40	11
76	124
97	307
132	289
345	90
83	222
376	20
5	115
177	185
342	201
161	215
183	198
257	139
146	83
177	131
239	181
177	145
42	286
362	345
224	274
148	11
42	84
334	179
302	309
270	186
366	385
343	177
398	191
191	20
122	368
378	18
297	161
390	328
240	206
129	175
36	170
203	174
5	380
354	173
322	229
3	45
204	161
215	151
383	4
2	81
30	165
196	206
48	135
347	299
51	204
12	216
357	7
274	303
158	262
249	394
122	34
252	52
293	89
341	54
112	95
82	62
68	49
344	12
277	396
221	13
206	277
6	48
103	13
42	185
161	318
170	61
302	55
74	152
111	241
80	60
171	23
221	159
297	25
234	350
44	8
197	387
48	209
341	179
308	291
295	254
149	178
115	268
31	187
285	381
141	95
170	230
61	392
296	139
131	62
354	202
230	376
21	350
379	92
341	11
242	329
87	104
367	188
304	280
38	103
225	41
243	175
156	331
39	7
106	131
17	366
282	167
236	34
289	119
39	235
69	286
47	1
140	71
240	18
262	3
11	379
207	3
80	289
361	300
273	398
302	153
164	377
161	77
115	142
398	281
156	53
148	261
335	13
171	216
67	150
170	288
194	308
327	230
215	13
203	301
279	318
64	81
400	154
322	94
279	51
24	255
216	116
210	188
275	131
46	26
311	30
185	319
33	370
304	24
155	30
45	33
205	92
220	18
146	378
234	174
319	252
369	18
299	355
87	112
387	104
101	211
8	142
323	11
364	49
353	123
198	229
271	96
14	200
74	206
79	343
163	191
272	208
141	51
172	128
263	299
284	322
221	213
46	231
341	196
256	141
334	83
96	169
99	366
266	330
40	341
239	307
248	365
147	399
254	364
162	167
146	155
118	195
115	97
156	274
326	104
178	114
44	47
18	293
359	131
208	139
145	118
319	29
376	340
339	214
161	74
211	210
158	301
27	131
112	267
359	43
342	16
362	297
309	252
1	357
269	347
106	267
152	82
200	96
308	131
298	154
195	325
187	388
293	184
358	342
78	287
244	361
48	1
280	17
289	331
143	399
184	272
180	31
305	14
376	38
303	328
140	128
183	219
363	319
115	28
137	281
88	365
8	279
75	217
242	313
6	325
312	292
296	148
44	52
380	317
164	168
117	365
165	299
371	75
295	119
73	231
34	2
167	151
330	23
315	252
126	345
399	172
317	379
47	82
171	245
224	111
123	247
269	30
256	387
179	170
213	254
81	146
154	269
52	359
15	296
324	39
214	394
52	375
211	118
9	313
366	69
212	253
114	361
67	389
338	189
272	139
362	141
338	116
253	129
44	143
322	267
308	15
93	99
173	35
180	50
372	34
143	147
35	167
375	157
145	264
333	374
16	127
122	278
201	74
198	300
238	17
325	9
64	150
388	207
397	225
359	284
262	53
67	335
351	170
199	50
332	5
187	320
197	330
33	64
191	48
102	166
235	155
49	373
297	269
263	52
58	139
26	37
36	348
374	8
110	173
256	266
357	88
251	105
89	164
111	375
208	315
9	320
123	285
346	282
306	133
83	377
395	381
274	154
252	314
289	390
252	219
271	106
284	242
151	310
64	276
138	263
101	288
117	183
102	120
281	136
132	143
373	55
22	59
144	234
105	312
129	328
139	225
322	62
271	359
311	336
317	353
190	259
383	325
28	300
162	299
122	254
359	160
272	313
129	291
226	162
226	223
191	393
58	51
128	361
381	385
400	228
321	239
277	295
115	204
352	293
58	398
242	207
365	373
254	160
2	67
397	388
373	256
395	355
229	220
332	294
195	124
361	37
42	91
31	329
204	36
349	96
337	249
151	146
353	245
371	2
399	208
371	291
8	219
215	60
250	56
72	141
107	95
123	38
94	22
177	39
85	378
350	372
399	88
14	101
198	260
74	326
153	196
162	59
265	313
95	234
30	273
230	354
192	289
59	286
67	313
72	36
208	302
262	113
319	64
100	222
388	243
327	309
293	15
379	49
82	178
309	297
357	298
116	373
38	156
12	225
342	259
97	128
162	13
150	381
121	274
191	285
43	137
208	42
120	300
80	238
206	49
136	354
400	360
144	99
187	356
261	390
335	208
203	180
382	69
99	265
279	184
218	16
224	306
10	13
165	308
319	10
139	291
167	349
113	227
206	327
239	188
162	101
124	342
268	327
397	5
32	272
239	311
135	85
215	278
186	167
182	112
373	26
291	136
296	361
376	91
146	80
164	197
146	243
31	391
333	229
47	364
393	49
379	197
223	395
284	76
48	277
266	301
294	374
197	378
318	309
147	290
281	297
119	88
216	78
51	78
337	298
342	184
325	400
367	97
26	78
155	148
294	149
59	344
93	133
387	358
15	134
87	226
3	250
361	9
181	324
284	369
165	145
366	195
81	272
109	142
168	362
124	301
348	142
54	84
292	364
199	121
108	183
285	359
62	273
47	350
268	167
169	216
304	295
297	242
328	19
342	347
169	210
365	136
223	307
178	257
311	209
364	222
388	32
15	298
337	260
148	22
301	14
23	84
117	82
238	4
35	200
158	188
201	177
295	133
35	38
256	125
328	315
273	202
217	211
377	167
331	274
87	321
186	236
158	183
164	64
2	175
240	184
314	375
46	157
221	385
335	117
50	356
69	54
355	82
296	380
310	87
251	221
327	260
384	222
218	308
68	310
376	319
259	362
44	248
258	89
234	36
308	287
168	225
159	216
48	273
307	45
51	354
234	171
336	329
397	289
40	21
240	157
209	267
98	269
342	62
316	68
329	387
47	132
246	176
353	340
252	255
386	272
278	266
15	113
88	37
37	189
258	89
256	84
383	345
116	7
397	172
348	249
151	286
135	379
159	235
256	172
262	331
348	194
379	318
285	68
68	13
306	316
60	93
331	57
335	14
337	61
194	115
187	393
45	94
281	317
7	372
153	30
372	300
19	254
220	256
152	13
222	102
283	376
287	194
142	361
136	171
361	325
150	144
236	254
151	148
213	35
155	322
122	341
232	224
126	114
119	183
191	92
312	73
94	216
339	279
215	138
207	295
300	167
343	296
374	278
89	50
227	79
143	384
143	162
266	360
361	93
369	78
311	110
294	123
59	155
201	61
250	139
385	346
14	23
186	320
227	242
123	121
96	347
175	102
196	218
219	106
57	50
129	298
305	59
334	383
158	191
198	28
155	327
208	73
237	339
73	216
244	386
59	158
231	279
379	252
26	203
98	285
219	152
351	364
266	248
28	232
107	176
317	387
155	12
158	83
312	90
25	189
314	317
285	122
237	113
156	121
52	60
201	217
166	119
194	28
242	299
297	323
180	119
180	307
93	289
46	231
83	85
387	348
28	387
258	203
240	91
10	38
216	260
174	44
306	106
65	399
276	28
251	2
8	11
101	54
303	390
144	3
369	118
362	116
213	267
51	87
352	107
133	188
166	218
297	211
341	366
237	43
57	256
285	310
198	21
270	23
145	372
213	146
328	274
245	396
207	69
298	192
282	171
288	6
389	230
350	55
229	65
240	382
326	328
76	230
115	8
240	185
74	102
338	14
150	324
317	51
134	319
28	343
73	120
395	399
18	12
126	275
18	387
147	141
310	193
259	260
336	24
214	110
235	18
339	361
320	98
244	145
62	176
292	61
92	288
60	84
195	287
327	361
268	313
185	169
100	293
80	389
57	4
11	118
394	312
222	392
127	297
36	147
298	15
345	248
234	198
152	46
280	281
280	166
267	77
247	365
233	271
142	214
270	82
386	70
382	278
97	338
96	167
281	340
280	235
113	11
400	246
283	23
126	105
89	305
17	293
326	154
203	325
330	17
47	144
99	151
290	209
57	233
147	94
80	111
120	270
112	49
246	119
113	227
77	29
399	181
210	353
73	261
31	46
384	33
7	325
300	385
62	57
148	127
108	385
225	357
261	349
363	132
97	64
77	386
236	291
327	187
146	358
355	72
83	323
12	151
10	229
335	117
90	379
100	370
87	8
173	281
77	293
140	186
2	66
81	121
198	322
29	399
38	245
63	325
221	81
308	45
163	34
63	126
11	390
41	73
205	320
243	359
238	23
55	207
90	110
134	186
203	125
252	317
86	70
128	280
31	252
342	26
155	109
390	356
367	64
311	62
96	310
136	340
332	65
39	394
289	75
376	276
18	207
57	146
4	198
21	160
335	298
109	4
215	96
355	311
338	353
286	61
197	319
312	158
397	105
239	186
222	230
351	179
45	242
209	189
215	211
303	54
20	355
256	295
334	17
167	14
358	51
65	282
175	16
90	271
59	358
383	266
193	342
155	295
111	292
60	393
267	346
148	160
92	394
212	218
374	146
29	377
18	201
268	103
318	315
66	92
120	297
311	153
59	43
137	184
302	99
61	63
122	128
312	139
38	2
26	284
265	29
213	323
246	284
376	95
392	36
335	214
49	97
111	222
225	161
327	105
100	78
9	203
32	27
119	107
313	235
81	382
179	156
399	81
352	155
33	270
254	339
103	280
376	164
232	354
112	135
175	87
139	363
255	153
383	102
248	372
258	349
236	274
259	317
212	10
43	366
120	384
28	259
322	128
49	4
324	142
215	332
350	89
111	212
41	265
319	350
135	91
293	110
222	155
95	102
357	323
258	139
350	113
77	151
119	270
108	75
114	247
66	159
83	218
88	89
295	337
132	175
238	69
320	107
223	93
123	76
386	320
164	231
143	192
29	361
122	398
361	67
318	57
311	371
109	336
396	39
68	127
204	320
196	140
88	255
5	352
238	42
258	11
186	346
359	158
192	134
89	269
299	164
400	359
249	357
367	323
289	379
56	61
18	46
198	348
49	244
177	393
19	324
81	151
105	111
237	131
228	182
244	114
391	43
32	375
7	55
255	378
103	13
326	281
357	186
61	47
335	159
195	333
143	273
121	130
36	390
163	238
146	238
366	383
213	59
77	150
218	191
306	215
387	275
369	54
350	9
304	117
147	381
299	326
254	323
314	172
352	143
114	355
289	211
76	356
234	7
379	91
375	24
273	85
168	33
33	140
377	312
274	382
172	380
75	136
319	14
225	332
287	326
176	180
99	182
383	272
138	272
86	16
359	26
177	400
160	315
55	341
398	364
280	323
82	284
376	209
33	208
24	194
136	6
143	212
22	322
119	239
391	23
152	382
33	82
305	268
41	160
176	27
350	272
87	282
314	9
3	215
229	282
119	169
324	216
160	305
352	6
234	277
255	309
196	63
11	217
365	213
267	117
31	311
220	64
199	129
359	218
315	207
196	345
265	384
38	224
371	399
42	367
263	78
384	254
12	376
285	34
71	222
326	78
190	272
154	121
250	200
259	165
147	78
190	94
31	347
320	15
399	385
123	111
182	95
288	247
31	26
365	228
32	205
205	298
107	293
296	153
244	148
23	354
91	147
305	191
344	292
156	278
45	399
219	238
116	100
295	232
160	192
292	94
81	377
120	366
146	37
134	319
298	283
371	91
57	277
64	165
8	112
95	323
360	61
306	197
96	193
228	158
107	396
175	135
291	211
295	353
282	51
345	184
135	323
124	227
353	361
387	62
52	331
216	70
9	29
346	338
63	120
24	97
1	111
303	144
391	309
118	123
100	324
358	390
76	268
297	214
62	200
150	219
63	80
143	216
181	229
122	330
351	397
97	77
126	12
384	86
31	265
355	208
53	40
54	32
368	395
15	128
129	382
24	131
279	293
263	393
318	112
102	195
81	217
88	7
303	157
367	330
165	170
285	23
253	117
189	42
44	218
395	109
153	38
297	21
77	14
135	301
258	350
396	388
302	257
77	398
121	11
344	63
207	135
26	128
3	292
313	185
359	252
393	225
234	149
175	186
19	269
187	205
326	232
1	253
188	172
170	269
227	104
319	161
362	341
161	336
353	215
285	392
194	218
162	106
220	113
360	3
8	11
397	176
101	161
94	320
171	162
72	155
262	214
178	151
36	83
136	99
325	242
83	134
236	185
338	124
40	22
379	384
154	122
371	92
5	313
274	236
6	275
58	370
362	263
203	305
388	357
394	224
103	330
248	398
133	196
361	399
37	371
154	263
320	225
73	358
268	87
370	230
12	300
227	296
116	47
24	305
10	114
206	381
200	281
102	47
150	282
160	307
399	346
153	240
354	71
25	361
189	55
96	191
230	139
23	207
211	197
206	26
161	105
16	334
326	274
305	41
47	81
396	155
21	99
298	143
159	387
383	294
157	285
96	145
200	26
89	151
36	48
270	352
378	199
211	58
353	220
78	46
227	143
317	135
43	60
98	189
297	381
77	130
163	155
74	310
217	270
216	313
11	284
313	386
109	18
61	138
330	393
188	374
275	77
163	287
138	191
157	400
202	60
100	260
24	310
136	96
65	304
356	395
234	154
66	134
98	129
393	259
240	198
164	241
166	121
246	50
275	334
107	398
371	184
323	65
337	247
330	42
324	270
56	232
171	66
229	56
328	244
326	70
170	230
392	53
341	158
325	322
141	291
118	376
324	89
384	189
20	80
186	150
70	258
391	233
90	173
226	117
219	187
94	314
204	47
159	274
334	362
92	328
244	359
157	398
170	400
31	270
357	157
193	139
230	225
78	197
27	217
297	166
122	225
384	48
62	399
177	147
42	187
232	351
271	174
53	292
306	162
98	174
110	78
121	40
99	120
124	28
75	306
155	168
228	112
365	114
184	235
285	273
238	184
320	345
106	29
27	203
232	303
121	212
329	341
286	94
32	92
192	125
228	167
101	237
172	237
115	390
102	275
371	136
166	270
399	106
12	187
298	246
238	31
353	382
319	151
325	164
283	291
8	68
20	225
279	246
138	349
363	10
83	211
120	292
38	130
99	119
157	152
345	86
70	329
360	234
359	242
373	76
58	218
204	335
372	190
223	245
299	90
397	321
60	268
267	359
398	22
168	48
326	225
74	301
373	269
194	290
252	54
53	285
323	102
88	387
387	146
280	140
97	129
298	330
373	6
82	63
380	182
258	382
312	241
284	317
107	158
292	197
259	179
51	224
388	368
276	12
125	83
228	241
68	299
101	112
171	400
150	367
118	167
316	132
278	383
117	176
62	73
171	290
12	229
220	81
61	341
273	37
177	62
173	51
103	359
238	127
329	182
300	172
282	27
16	51
5	121
243	297
53	32
33	38
344	36
338	228
397	261
131	216
31	347
315	266
102	4
325	242
254	65
273	259
251	160
120	220
2	106
233	281
361	147
256	34
55	199
93	185
18	75
379	7
187	284
398	26
156	137
353	166
220	45
68	348
245	113
223	316
91	117
20	283
207	268
52	67
350	222
245	237
108	381
96	238
72	381
12	382
11	299
111	53
156	260
245	125
50	111
378	318
169	381
197	282
77	143
311	247
118	224
172	254
278	354
299	381
14	106
372	289
291	1
149	387
365	230
253	388
134	81
207	355
288	198
333	96
354	176
245	105
381	340
21	305
243	43
48	387
394	321
330	149
128	318
148	10
284	52
39	153
74	373
357	115
32	175
58	325
9	90
9	352
7	189
390	331
16	310
310	113
341	400
86	306
97	12
195	374
281	167
298	76
15	219
374	169
363	303
211	147
287	6
293	267
136	51
363	239
394	189
274	204
88	92
171	89
312	204
56	140
205	244
309	268
173	211
50	394
53	223
119	325
102	274
357	118
77	277
389	393
382	243
210	80
96	315
356	392
216	164
27	192
370	166
300	74
364	326
221	301
130	390
106	281
320	86
386	210
238	189
298	94
387	288
337	326
273	122
55	46
28	99
157	164
260	115
47	197
52	21
194	11
33	112
227	342
260	142
94	392
312	48
289	288
53	236
7	135
392	297
176	292
243	91
239	42
35	351
41	197
47	366
62	356
95	394
1	16
373	47
380	173
322	274
36	224
100	124
313	12
183	304
165	73
325	242
228	79
276	238
250	336
73	377
75	57
292	350
2	262
182	323
306	249
184	180
138	136
217	138
41	355
196	191
323	273
16	150
135	176
89	355
225	175
42	122
72	232
200	362
267	75
149	107
292	194
301	168
385	43
175	349
141	236
149	340
338	217
188	140
326	51
368	240
373	196
85	135
221	328
317	80
301	23
137	146
212	2
240	39
137	64
24	91
76	354
280	118
103	3
33	78
33	358
376	353
211	24
125	328
83	316
307	51
62	211
228	55
359	309
114	25
146	333
178	42
6	371
97	339
296	259
274	68
293	124
214	365
266	256
53	270
366	394
109	276
111	121
337	340
72	304
279	308
286	391
240	2
286	21
142	12
223	93
325	351
17	296
211	386
152	18
324	170
276	250
188	3
46	372
206	165
51	285
366	386
56	41
369	83
198	299
74	152
304	257
76	291
105	331
166	16
362	126
228	168
29	137
362	108
48	142
224	362
133	20
207	90
209	41
384	4
159	207
383	157
40	149
192	65
305	216
185	351
324	88
217	353
16	93
106	303
155	76
380	168
376	89
131	333
13	306
215	145
178	395
284	198
6	178
142	369
274	4
64	33
280	335
268	337
178	161
93	54
291	320
358	357
335	41
383	111
248	277
355	221
328	90
139	382
141	74
17	279
249	238
219	28
318	250
117	135
332	75
267	186
60	59
154	138
302	372
345	148
350	111
112	48
138	251
65	194
371	260
233	77
271	362
138	246
21	23
303	101
80	206
195	131
251	304
39	228
168	238
62	338
353	316
308	277
133	106
58	242
244	395
99	191
9	149
128	378
361	316
229	279
367	115
325	128
268	52
374	101
170	229
78	109
324	8
315	65
179	196
163	91
198	81
247	195
165	112
188	328
192	134
116	19
293	314
170	205
96	172
166	291
322	138
283	32
310	391
24	184
106	26
374	44
186	194
324	371
359	126
118	108
136	183
174	163
154	240
354	367
349	237
287	25
279	118
389	267
214	321
126	71
91	18
373	256
387	77
277	344
391	317
321	275
284	174
271	244
45	187
69	350
154	99
240	22
388	322
159	201
299	160
190	70
242	135
210	374
4	220
290	236
398	105
88	6
101	141
379	326
328	172
253	364
128	61
343	364
32	220
293	231
71	68
222	252
209	272
324	140
41	284
277	395
223	7
191	38
335	58
182	177
237	246
254	311
274	358
13	36
198	87
212	68
70	109
199	92
354	50
306	18
234	37
315	207
359	261
14	19
116	147
335	51
301	79
263	391
360	244
249	172
365	63
35	145
250	27
339	2
