1	2
2	3
3	4
4	5
5	6
6	7
7	8
8	9
9	10
10	11
11	12
12	13
13	14
14	15
15	16
16	17
17	18
18	19
19	20
20	21
21	22
22	23
23	24
24	25
25	26
26	27
27	28
28	29
29	30
30	31
31	32
32	33
33	34
34	35
35	36
36	37
37	38
38	39
39	40
40	41
41	42
42	43
43	44
44	45
45	46
46	47
47	48
48	49
49	50
50	51
51	52
52	53
53	54
54	55
55	56
56	57
57	58
58	59
59	60
60	61
61	62
62	63
63	64
64	65
65	66
66	67
67	68
68	69
69	70
70	71
71	72
72	73
73	74
74	75
75	76
76	77
77	78
78	79
79	80
80	81
81	82
82	83
83	84
84	85
85	86
86	87
87	88
88	89
89	90
90	91
91	92
92	93
93	94
94	95
95	96
96	97
97	98
98	99
99	100
100	101
101	102
102	103
103	104
104	105
105	106
106	107
107	108
108	109
109	110
110	111
111	112
112	113
113	114
114	115
115	116
116	117
117	118
118	119
119	120
120	121
121	122
122	123
123	124
124	125
125	126
126	127
127	128
128	129
129	130
130	131
131	132
132	133
133	134
134	135
135	136
136	137
137	138
138	139
139	140
140	141
141	142
142	143
143	144
144	145
145	146
146	147
147	148
148	149
149	150
150	151
151	152
152	153
153	154
154	155
155	156
156	157
157	158
158	159
159	160
160	161
161	162
162	163
163	164
164	165
165	166
166	167
167	168
168	169
169	170
170	171
171	172
172	173
173	174
174	175
175	176
176	177
177	178
178	179
179	180
180	181
181	182
182	183
183	184
184	185
185	186
186	187
187	188
188	189
189	190
190	191
191	192
192	193
193	194
194	195
195	196
196	197
197	198
198	199
199	200
200	201
201	202
202	203
203	204
204	205
205	206
206	207
207	208
208	209
209	210
210	211
211	212
212	213
213	214
214	215
215	216
216	217
217	218
218	219
219	220
220	221
221	222
222	223
223	224
224	225
225	226
226	227
227	228
228	229
229	230
230	231
231	232
232	233
233	234
234	235
235	236
236	237
237	238
238	239
239	240
240	241
241	242
242	243
243	244
244	245
245	246
246	247
247	248
248	249
249	250
250	251
251	252
252	253
253	254
254	255
255	256
256	257
257	258
258	259
259	260
260	261
261	262
262	263
263	264
264	265
265	266
266	267
267	268
268	269
269	270
270	271
271	272
272	273
273	274
274	275
275	276
276	277
277	278
278	279
279	280
280	281
281	282
282	283
283	284
284	285
285	286
286	287
287	288
288	289
289	290
290	291
291	292
292	293
293	294
294	295
295	296
296	297
297	298
298	299
299	300
300	301
301	302
302	303
303	304
304	305
305	306
306	307
307	308
308	309
309	310
310	311
311	312
312	313
313	314
314	315
315	316
316	317
317	318
318	319
319	320
320	321
321	322
322	323
323	324
324	325
325	326
326	327
327	328
328	329
329	330
330	331
331	332
332	333
333	334
334	335
335	336
336	337
337	338
338	339
339	340
340	341
341	342
342	343
343	344
344	345
345	346
346	347
347	348
348	349
349	350
350	351
351	352
352	353
353	354
354	355
355	356
356	357
357	358
358	359
359	360
360	361
361	362
362	363
363	364
364	365
365	366
366	367
367	368
368	369
369	370
370	371
371	372
372	373
373	374
374	375
375	376
376	377
377	378
378	379
379	380
380	381
381	382
382	383
383	384
384	385
385	386
386	387
387	388
388	389
389	390
390	391
391	392
392	393
393	394
394	395
395	396
396	397
397	398
398	399
399	400
400	401
401	402
402	403
403	404
404	405
405	406
406	407
407	408
408	409
409	410
410	411
411	412
412	413
413	414
414	415
415	416
416	417
417	418
418	419
419	420
420	421
421	422
422	423
423	424
424	425
425	426
426	427
427	428
428	429
429	430
430	431
431	432
432	433
433	434
434	435
435	436
436	437
437	438
438	439
439	440
440	441
441	442
442	443
443	444
444	445
445	446
446	447
447	448
448	449
449	450
450	451
451	452
452	453
453	454
454	455
455	456
456	457
457	458
458	459
459	460
460	461
461	462
462	463
463	464
464	465
465	466
466	467
467	468
468	469
469	470
470	471
471	472
472	473
473	474
474	475
475	476
476	477
477	478
478	479
479	480
480	481
481	482
482	483
483	484
484	485
485	486
486	487
487	488
488	489
489	490
490	491
491	492
492	493
493	494
494	495
495	496
496	497
497	498
498	499
499	500
452	25
227	93
475	451
230	106
146	256
425	496
398	46
427	87
413	132
333	36
376	251
489	414
247	371
9	222
7	68
478	403
110	230
193	45
382	286
41	296
119	476
327	300
338	323
300	17
471	281
265	41
393	381
74	287
304	19
421	5
169	428
121	150
386	131
153	96
473	39
332	17
61	490
81	430
345	189
386	399
180	468
432	132
449	458
201	81
258	74
366	333
241	57
461	81
464	48
87	484
161	214
49	113
372	375
110	449
53	208
150	301
179	106
90	237
478	286
334	141
161	410
26	113
35	421
89	431
394	359
143	181
474	118
2	308
216	2
185	428
94	260
176	220
474	214
306	495
435	345
164	78
99	491
81	412
339	31
40	43
64	299
441	189
290	23
392	95
361	90
51	305
15	216
213	135
49	369
245	159
185	468
241	226
242	11
462	342
312	398
162	315
375	219
395	231
442	269
393	293
202	358
266	40
400	255
134	96
121	486
325	23
404	229
79	399
399	346
474	109
206	131
406	432
329	158
470	183
114	304
248	469
75	219
28	243
235	180
265	264
24	60
61	434
460	337
339	206
381	13
417	378
373	377
161	22
428	484
77	483
284	497
412	94
428	99
358	327
478	241
310	292
308	55
394	151
25	323
414	16
443	412
338	94
186	455
71	413
458	297
253	81
75	481
403	232
9	477
100	245
311	360
162	123
86	98
459	460
170	203
406	31
175	101
258	414
442	144
70	310
67	212
27	423
265	215
454	156
361	129
208	178
497	281
3	258
112	402
66	394
383	138
421	71
95	117
373	65
392	131
119	400
119	281
77	462
314	130
259	219
168	257
103	312
273	336
392	207
9	452
62	15
459	457
93	371
154	484
103	303
401	412
176	445
215	442
91	385
423	89
220	72
399	103
460	155
235	386
224	66
359	126
30	391
300	279
38	103
309	448
405	285
277	318
183	138
453	88
87	133
34	79
447	189
379	203
442	23
193	239
11	136
295	134
396	247
384	181
355	93
11	481
387	433
421	415
386	20
466	318
96	210
486	437
1	462
202	249
41	91
21	163
446	276
351	313
220	367
337	300
102	357
49	184
39	24
164	462
449	76
332	355
366	130
413	399
36	214
456	240
69	171
149	458
237	134
127	8
14	429
12	485
276	187
3	190
167	487
408	173
291	383
335	260
168	287
47	188
112	297
37	109
281	370
172	241
406	390
158	3
323	379
16	405
260	33
301	114
206	135
445	476
258	193
402	396
73	346
83	296
421	312
247	24
472	67
376	235
118	377
491	443
352	454
151	18
340	99
191	209
4	76
449	363
369	323
57	353
428	217
122	393
493	237
405	113
98	434
368	181
380	189
412	124
340	13
74	457
236	360
190	282
315	99
263	289
499	80
366	483
255	339
242	84
288	25
286	460
39	224
399	422
419	199
43	165
380	11
174	126
298	198
170	491
242	399
19	283
19	327
316	374
212	323
459	179
349	132
499	200
254	281
315	404
491	351
169	61
209	227
472	204
196	115
360	13
249	15
204	440
34	304
367	70
276	452
197	300
277	430
207	112
106	161
495	353
269	476
91	146
304	15
141	258
291	252
84	291
3	64
180	143
76	58
480	50
396	142
125	481
71	86
102	335
357	240
236	497
129	131
119	118
229	268
301	440
382	137
177	116
58	276
56	220
83	40
415	370
316	491
63	294
178	203
433	297
393	21
250	340
181	165
496	391
468	168
376	177
488	356
343	240
135	205
83	224
297	441
189	267
1	8
365	196
463	138
131	418
459	496
481	9
79	193
376	335
367	363
116	246
124	93
335	163
497	260
155	369
381	414
368	236
420	85
321	276
201	348
262	127
467	341
313	498
331	149
70	24
1	364
82	410
260	123
274	311
221	377
320	484
219	408
360	145
335	429
278	307
335	373
294	48
42	483
41	429
306	271
305	312
409	22
65	197
68	220
467	35
409	474
424	149
259	108
24	420
409	86
124	65
193	156
57	280
324	454
212	394
9	457
414	53
367	298
264	404
473	372
168	92
156	279
7	182
49	236
417	15
64	328
257	327
133	242
471	419
63	308
8	245
120	412
167	484
47	429
26	399
106	431
30	55
233	447
23	361
393	419
460	53
292	214
308	334
467	446
457	438
220	305
470	485
83	230
265	282
165	203
231	2
135	342
462	207
362	150
477	110
408	447
413	191
7	303
305	7
71	52
190	129
297	101
73	364
70	270
87	497
209	310
361	315
428	230
210	319
362	224
334	379
45	86
74	85
116	239
183	64
217	265
472	181
64	457
43	465
356	458
228	23
296	4
13	466
445	352
140	230
440	414
304	344
394	370
364	422
361	45
413	295
500	470
213	12
33	463
184	183
111	182
75	390
412	64
258	445
362	74
241	215
81	52
112	378
209	443
211	52
423	67
275	125
411	189
414	53
278	205
46	238
256	86
87	114
211	458
333	245
201	380
6	206
320	163
10	244
120	173
310	345
247	2
155	463
232	105
375	11
76	21
67	130
277	355
404	257
418	189
183	290
105	54
4	446
165	25
486	374
84	428
372	371
339	155
357	160
210	421
113	19
73	70
175	43
361	125
402	151
471	398
81	373
384	99
158	25
257	322
493	116
499	132
53	289
160	81
112	223
418	356
426	64
357	330
494	288
265	324
261	336
362	439
82	360
96	234
441	155
241	47
442	220
293	200
162	189
129	86
233	393
172	490
4	212
41	24
121	266
467	109
341	187
43	292
432	240
164	113
292	91
160	492
121	113
82	109
76	428
169	269
294	60
81	258
371	469
19	71
373	20
373	146
182	275
351	362
249	194
361	457
296	340
222	309
155	201
145	3
56	437
469	456
282	216
271	364
347	349
88	53
442	269
24	84
214	218
19	308
80	30
409	438
461	244
324	206
436	217
211	369
87	162
210	368
400	248
258	352
226	269
444	85
489	113
448	472
316	431
189	384
282	132
318	217
280	245
199	268
305	486
92	467
371	364
58	420
79	114
274	470
307	169
92	121
186	497
306	115
54	379
193	373
53	375
6	373
137	149
132	109
344	318
238	316
394	355
206	151
342	449
156	112
351	146
386	221
20	408
160	109
300	220
254	244
209	218
255	432
340	288
444	417
96	301
462	60
480	53
141	80
385	16
202	21
193	58
245	246
298	469
481	67
284	488
35	450
386	159
63	244
137	259
126	61
197	118
204	335
146	344
409	181
376	417
322	472
163	67
306	317
368	389
482	72
82	339
176	418
350	240
156	464
107	315
428	346
292	211
345	65
12	375
133	306
312	235
130	484
368	419
159	336
419	184
362	469
446	157
301	408
152	189
325	405
134	235
379	357
169	20
69	298
241	339
316	489
126	485
285	378
58	72
484	446
150	355
62	147
156	209
465	16
369	186
301	273
81	293
287	347
175	135
199	49
223	262
203	446
446	232
128	79
500	483
39	128
372	352
383	118
29	462
70	364
484	251
293	454
238	386
182	118
98	309
241	218
340	221
285	343
327	41
97	444
472	181
126	77
342	261
33	128
40	35
213	482
201	413
337	406
295	318
299	227
215	183
325	265
389	114
104	223
385	171
370	366
320	10
303	66
394	247
63	494
180	258
385	205
321	435
384	312
473	116
400	262
476	290
302	146
132	123
114	240
66	180
351	353
284	447
247	61
333	89
301	264
97	111
391	38
51	384
313	307
311	474
135	123
143	278
140	121
368	460
449	328
95	392
189	20
410	327
398	331
186	144
444	196
473	115
213	269
105	83
43	99
37	266
423	12
279	381
255	36
473	7
57	392
126	23
249	468
224	116
44	476
222	381
323	361
104	37
200	145
176	93
459	218
254	21
500	496
389	14
131	45
413	499
401	148
64	138
179	47
160	98
374	410
267	10
46	130
195	134
461	458
30	484
98	225
121	212
364	206
108	351
408	97
360	405
25	384
259	82
383	332
478	351
435	381
173	353
446	361
148	34
302	123
67	91
361	342
430	38
68	317
311	20
28	237
91	447
42	438
415	237
199	71
259	142
291	314
92	271
308	198
164	154
244	132
410	296
391	300
388	206
141	230
276	33
100	466
411	464
269	51
377	360
447	500
495	196
45	302
395	275
258	39
246	456
342	356
139	57
13	11
69	196
264	290
10	248
168	357
341	431
156	255
266	404
436	216
267	82
292	63
104	245
378	423
8	162
476	174
182	345
252	123
62	163
77	379
148	375
470	318
364	385
183	20
460	110
331	198
478	26
250	292
38	188
303	128
319	211
67	489
455	370
150	5
114	68
265	448
259	127
157	158
133	9
407	45
463	318
384	151
128	202
340	323
133	457
349	245
403	343
232	364
499	234
435	153
443	378
88	85
26	348
429	68
138	305
69	475
15	128
237	363
478	383
198	404
275	288
266	481
142	297
457	210
156	29
439	110
347	61
368	5
396	315
3	40
44	33
229	196
427	336
194	254
58	415
141	83
51	433
311	340
83	174
140	91
280	381
206	48
124	306
363	457
129	192
75	91
261	466
64	161
318	145
102	2
194	195
215	312
205	304
394	30
185	320
404	452
317	326
137	207
138	137
116	247
113	23
403	208
444	51
16	138
426	361
229	315
468	116
56	417
372	113
264	352
202	369
307	488
344	405
245	381
367	290
85	373
113	124
72	343
16	310
146	364
290	5
258	301
44	358
154	234
363	494
384	340
404	62
54	41
97	25
365	84
86	293
319	196
482	179
140	14
101	104
86	152
123	146
53	402
95	483
361	23
281	394
183	101
38	263
170	411
230	257
394	94
327	79
479	480
367	36
443	377
139	387
431	256
325	76
249	131
15	338
432	223
24	309
461	149
484	403
313	491
44	498
428	382
259	96
9	493
428	165
329	227
163	149
460	185
462	454
447	189
185	124
182	249
386	93
263	484
71	369
95	162
50	155
105	154
382	134
50	452
76	206
486	4
12	197
143	214
261	477
229	320
47	84
8	349
363	239
234	360
29	488
290	206
398	38
237	263
232	74
258	207
138	121
284	171
500	461
223	173
482	187
276	326
330	356
361	456
103	473
65	129
70	58
195	259
7	237
133	123
420	426
297	338
62	292
393	291
446	24
368	58
212	227
432	380
218	384
373	248
111	289
473	352
276	50
467	371
173	48
131	381
420	228
340	16
489	395
148	219
40	57
4	387
168	483
400	238
425	270
364	273
407	265
187	443
309	340
340	468
58	131
11	91
353	293
273	498
203	78
363	371
8	204
32	446
388	406
306	423
90	321
412	185
223	270
496	2
145	137
462	46
293	459
460	241
291	479
343	35
76	299
38	341
258	72
162	455
60	474
292	169
36	223
170	1
349	341
381	357
74	311
56	68
342	288
411	340
316	160
158	450
372	280
169	230
225	138
182	134
72	143
248	291
89	414
46	305
120	357
215	22
333	443
383	249
300	471
129	410
8	232
379	128
29	144
142	328
300	288
209	242
484	156
104	227
498	360
290	161
398	310
173	50
138	331
81	219
53	482
222	405
108	33
380	114
144	261
209	5
499	235
74	318
69	166
201	396
55	254
84	182
318	273
472	46
310	450
72	272
43	427
372	270
321	442
229	100
102	150
191	406
292	322
299	118
336	295
413	8
224	324
431	185
43	18
446	307
275	44
478	383
327	169
130	167
220	26
314	406
409	496
321	208
32	361
478	404
319	187
159	472
91	31
278	286
18	272
353	133
445	195
194	129
229	101
79	103
232	478
431	411
58	377
173	362
47	213
35	260
128	410
97	302
408	68
180	253
272	255
362	162
130	374
270	116
456	9
68	131
223	356
435	67
79	16
86	72
40	311
61	428
369	11
118	382
292	396
435	490
355	486
482	489
460	482
102	59
494	137
59	146
292	44
142	454
35	414
222	417
299	79
393	342
333	400
4	264
469	259
459	386
52	493
487	296
469	35
313	147
480	406
127	299
362	431
74	366
143	114
317	372
112	272
5	19
496	241
130	158
74	137
449	242
101	282
430	185
112	325
471	463
104	105
122	451
193	411
409	299
409	36
146	223
117	220
156	316
382	103
243	36
308	457
347	287
462	306
484	473
21	117
59	376
500	134
481	141
90	83
295	442
175	275
360	217
35	59
30	332
131	205
6	381
176	274
432	136
456	209
190	402
256	174
210	183
414	83
292	491
468	160
437	3
361	266
56	469
472	28
317	41
40	158
154	373
400	433
121	344
433	471
191	67
456	74
142	491
480	149
74	185
95	485
398	412
302	18
270	190
183	424
283	217
122	457
56	72
106	159
21	166
55	3
337	404
202	319
479	376
402	172
389	372
322	290
432	227
190	358
397	420
226	221
141	108
180	228
18	311
345	255
121	219
106	206
6	174
177	44
340	279
367	232
211	10
162	108
249	24
183	216
185	444
148	360
85	4
80	460
306	407
424	293
349	226
285	465
11	69
3	21
377	265
27	40
137	297
69	271
347	47
126	10
229	210
464	72
253	498
368	238
482	182
349	246
341	235
132	499
1	238
142	281
236	330
487	376
296	379
441	447
394	112
484	262
35	175
358	394
155	250
164	80
271	366
263	285
163	416
345	424
124	62
421	120
145	497
14	247
117	421
186	196
170	282
389	426
395	344
53	408
234	128
340	270
39	297
460	448
125	66
172	106
394	93
38	268
352	249
333	73
170	340
141	332
61	485
147	384
448	333
346	494
145	236
268	213
222	94
442	272
420	4
500	334
358	74
147	256
133	170
369	133
384	143
342	79
116	340
166	97
79	346
264	410
463	46
153	257
89	251
383	452
87	466
143	178
194	397
156	442
454	409
8	92
51	179
92	227
174	101
323	479
286	275
459	494
194	481
162	68
255	405
227	274
136	342
89	116
142	108
7	176
455	327
436	207
165	226
332	464
60	411
114	225
443	361
410	73
30	487
438	142
123	108
402	238
421	388
438	380
363	258
216	329
92	499
407	132
390	416
86	114
142	419
220	440
39	87
116	379
65	104
110	41
145	346
131	246
334	369
138	413
270	499
429	209
295	480
34	400
292	384
309	441
280	240
289	346
287	444
128	85
375	25
343	106
58	307
294	103
464	331
228	234
86	16
66	375
326	461
79	211
376	277
171	251
406	145
282	248
69	175
263	284
289	321
446	487
47	380
318	491
411	398
61	11
262	461
265	228
368	432
242	175
64	363
230	191
255	418
391	21
138	311
323	78
493	486
434	492
234	33
247	212
313	312
484	250
36	154
213	349
264	421
408	148
310	489
86	164
198	21
461	235
369	127
35	132
229	134
106	153
286	281
96	497
177	326
495	239
288	12
451	342
399	410
390	328
109	441
458	57
481	427
340	363
424	247
162	145
342	323
416	2
318	27
244	373
395	69
196	34
475	173
39	22
180	135
228	145
236	399
388	229
339	400
256	170
141	441
275	184
41	48
382	431
327	118
89	391
119	198
162	273
239	357
148	313
462	120
451	288
111	172
378	254
144	241
453	346
151	331
254	411
433	317
82	314
421	97
478	54
164	62
363	41
14	16
379	15
269	235
345	419
153	495
290	335
230	78
217	448
45	77
414	231
176	192
442	40
363	205
468	460
47	99
6	22
78	317
283	95
204	414
308	129
34	40
491	67
39	216
214	159
332	150
305	341
218	469
98	8
417	108
76	222
57	13
295	46
341	490
206	375
272	323
286	400
309	377
150	115
463	51
74	489
115	249
123	318
409	475
160	441
207	277
133	185
54	26
428	323
173	393
272	84
261	301
455	40
446	190
403	36
275	188
375	244
7	174
89	42
225	145
386	183
347	240
46	439
446	224
150	170
431	321
205	114
319	175
258	132
247	159
413	310
392	181
57	334
169	238
135	63
42	295
229	78
344	320
314	176
168	118
396	162
98	200
81	383
464	471
16	157
435	179
195	131
330	119
158	477
190	479
310	187
387	323
451	364
262	74
42	200
271	328
228	13
151	465
445	45
149	136
63	493
310	491
440	281
282	278
187	97
100	4
494	242
445	238
496	393
338	243
186	201
48	10
109	72
52	470
318	240
423	493
51	434
310	223
323	139
235	291
191	252
29	93
231	486
205	365
186	118
383	390
443	32
169	407
313	34
448	360
400	301
290	410
461	294
73	299
225	44
328	22
365	311
171	55
167	430
89	223
253	146
426	100
412	318
261	290
424	127
444	97
491	242
393	158
282	215
29	176
11	227
473	409
157	476
173	151
208	409
474	234
185	30
495	408
498	100
464	272
98	42
139	411
33	106
175	44
175	384
120	416
230	413
381	411
400	467
283	286
349	199
371	388
4	234
329	102
206	43
329	273
412	4
86	1
300	249
48	327
84	394
84	22
349	142
55	210
318	54
434	315
154	484
349	132
170	438
229	94
241	435
128	123
338	109
462	107
80	19
130	208
363	89
153	468
301	211
422	322
102	68
306	87
450	407
315	391
248	135
336	3
292	182
162	362
147	284
291	171
159	250
27	120
266	113
189	492
422	130
352	454
12	486
100	54
116	80
375	391
163	233
67	154
338	293
142	233
345	150
234	458
87	293
109	296
166	135
288	353
430	137
369	470
486	35
252	24
475	207
123	402
371	484
271	216
440	58
13	44
317	312
60	367
67	168
359	168
250	309
408	294
416	61
387	174
263	388
139	416
457	98
56	404
14	304
422	1
238	190
82	146
258	169
172	488
250	70
491	387
116	239
442	118
381	142
368	463
266	409
148	278
449	231
146	173
11	285
196	321
264	388
475	192
231	25
236	498
445	132
84	19
308	458
299	354
91	360
404	421
331	292
181	144
231	7
232	47
488	492
294	87
207	490
432	308
346	35
119	39
315	30
108	208
87	3
470	286
131	338
161	75
492	221
318	170
331	58
439	141
330	355
197	393
109	450
180	283
157	194
93	425
327	72
452	168
247	349
429	179
359	266
209	477
388	434
474	90
56	496
44	262
375	420
341	269
420	433
10	180
302	384
258	86
222	238
142	232
229	447
335	299
161	69
384	76
58	272
421	362
121	364
324	229
102	182
373	420
331	120
492	212
75	160
361	113
418	172
52	221
292	297
174	267
287	441
340	341
308	449
211	392
273	185
273	427
25	232
408	202
20	126
60	357
163	112
421	387
76	343
123	160
437	121
410	126
430	417
375	201
365	113
409	79
247	243
305	191
16	181
121	245
190	218
209	62
301	57
341	278
67	419
484	211
233	453
257	410
140	113
400	436
182	99
416	287
290	377
217	384
297	121
268	212
148	188
254	486
330	353
399	84
236	420
59	326
371	410
69	102
257	92
116	27
177	73
95	139
452	94
228	440
5	211
129	362
364	432
77	372
487	422
19	264
117	143
337	130
283	181
470	43
229	17
72	150
254	270
89	486
330	402
102	381
7	420
254	40
3	337
360	379
23	483
75	98
366	199
4	55
396	244
305	389
366	306
95	33
70	144
393	380
170	343
116	88
82	317
382	492
291	81
362	169
419	13
307	134
146	193
487	445
25	453
386	403
93	492
428	390
210	498
85	67
447	362
216	82
290	254
270	72
393	17
11	54
207	160
156	205
16	275
419	182
396	374
162	112
382	204
139	197
360	231
257	499
391	155
73	482
299	203
168	390
447	437
404	85
473	302
473	141
55	489
416	250
373	137
152	398
399	36
463	165
370	31
409	16
293	411
134	406
219	39
41	229
209	271
92	455
324	346
132	341
97	432
328	246
326	455
199	230
241	156
290	116
360	195
38	309
58	222
197	177
406	360
110	106
34	466
288	15
366	228
231	307
283	123
371	490
56	34
317	88
294	42
132	136
131	96
154	496
200	111
481	128
455	278
320	52
51	382
368	253
90	183
291	145
2	154
90	58
298	208
359	414
238	187
466	194
233	465
233	143
291	331
182	265
265	73
80	244
146	374
262	464
195	418
438	124
413	78
466	375
14	295
381	392
220	137
207	255
5	483
197	282
448	159
183	338
399	319
484	481
274	374
315	443
304	98
241	44
173	496
462	405
432	12
199	252
246	244
202	265
114	326
431	268
77	236
12	217
121	68
316	466
498	278
161	159
251	297
121	230
447	421
11	278
222	297
254	93
97	247
487	24
37	348
392	3
426	499
451	289
41	265
61	314
449	102
368	65
459	44
407	85
474	375
435	299
375	489
6	215
408	218
417	256
390	11
359	299
405	396
460	390
393	102
109	60
272	121
235	234
52	427
40	134
98	3
462	403
109	178
61	396
433	135
200	261
482	89
446	191
150	267
61	291
282	78
111	337
321	135
230	195
300	332
298	19
281	1
30	409
245	141
156	96
242	79
337	188
15	367
225	497
121	474
320	116
220	96
215	336
300	81
8	234
244	384
132	287
407	44
37	266
101	460
303	177
345	39
337	461
364	143
395	134
111	255
341	273
500	80
244	102
404	401
430	150
287	380
268	58
362	51
290	321
115	371
279	323
298	291
79	102
420	413
38	25
182	22
436	237
417	165
254	425
203	311
393	472
343	196
291	212
72	428
183	365
468	31
397	322
417	360
450	196
261	26
269	491
275	428
161	158
369	281
246	208
378	109
472	361
21	384
480	496
95	433
22	250
28	390
446	384
51	14
425	35
290	180
324	267
121	359
174	287
394	34
307	387
12	462
428	139
407	93
362	361
100	93
461	112
252	172
155	129
450	140
191	121
167	318
40	197
184	171
433	496
295	266
141	87
7	193
123	170
188	217
382	203
279	9
308	231
473	221
403	97
47	468
69	88
23	167
239	370
217	93
329	192
258	252
125	470
83	415
293	232
101	73
240	415
228	320
335	441
142	431
122	136
48	100
467	269
78	212
95	105
186	376
188	122
53	406
461	287
95	94
61	183
214	288
207	488
487	115
426	488
499	433
469	386
429	28
20	414
229	228
349	328
246	440
115	368
427	297
173	366
16	466
312	411
422	36
217	478
91	400
173	457
183	262
148	489
266	494
432	373
467	5
110	199
83	257
463	354
425	141
464	327
272	265
487	103
364	182
384	111
193	114
166	297
322	273
168	291
280	401
327	230
204	315
202	498
431	476
470	398
442	212
184	116
79	123
265	431
89	407
91	410
144	285
77	289
88	107
91	159
182	360
426	315
106	184
414	220
321	134
453	438
454	36
311	295
388	345
344	330
162	43
199	11
284	17
483	241
98	325
185	381
329	193
315	69
16	325
223	237
225	48
253	246
318	37
147	62
479	413
327	283
240	419
427	345
397	500
123	418
286	4
2	441
208	405
27	315
418	338
199	486
167	38
157	170
269	268
97	228
401	303
336	105
379	255
175	385
108	85
156	284
310	68
113	367
365	236
93	399
385	342
102	266
500	282
470	387
109	213
114	146
170	8
498	156
22	242
300	43
189	362
499	383
21	425
355	164
7	239
214	189
405	237
104	418
115	160
397	229
75	369
350	299
383	454
373	388
408	247
239	353
369	246
152	487
299	311
171	389
318	20
363	356
100	40
153	413
92	381
164	240
183	444
178	315
162	220
118	82
128	139
12	2
55	287
472	318
264	76
318	189
100	147
24	103
33	234
8	167
10	243
365	151
299	180
239	209
443	429
253	209
253	380
235	30
106	278
118	193
356	314
332	25
95	442
346	15
136	405
168	146
17	388
153	307
200	362
408	147
86	418
21	119
112	400
68	274
30	441
115	261
170	46
11	481
234	452
350	325
318	297
393	199
447	54
78	208
228	36
345	393
222	187
83	295
119	370
457	22
242	182
39	292
398	111
238	323
10	42
116	486
146	252
44	315
417	36
96	68
384	18
397	195
313	492
339	454
286	349
240	338
231	484
455	108
265	335
394	7
118	441
255	396
474	490
53	463
338	78
3	387
307	188
223	264
439	465
354	403
21	289
282	211
113	270
3	475
467	405
342	86
356	341
111	476
19	376
254	195
281	360
258	297
452	109
53	258
32	20
367	488
72	184
100	274
417	279
27	354
120	266
1	380
273	340
14	408
206	89
104	446
114	484
233	261
46	458
308	30
399	490
36	213
323	304
429	174
162	136
43	16
72	157
22	447
109	90
232	19
233	213
191	438
341	183
335	478
417	429
125	307
265	426
246	289
359	293
237	296
486	234
411	405
282	14
200	470
164	264
103	170
199	145
463	337
305	208
336	134
391	354
463	204
314	398
263	365
228	64
406	432
87	366
205	106
83	111
142	447
339	130
177	352
161	228
409	37
355	106
300	147
343	193
356	153
164	2
160	101
228	122
196	321
129	380
487	142
224	80
337	238
72	337
9	461
345	277
392	117
74	115
401	248
178	70
473	393
139	6
256	351
3	180
277	116
360	371
103	140
358	373
2	295
479	300
194	307
442	64
265	211
50	415
149	76
92	414
89	84
101	398
8	377
441	92
95	218
378	329
419	310
71	8
441	131
162	319
257	23
204	498
96	473
163	340
113	398
56	395
51	52
293	362
72	340
361	466
347	235
79	353
126	277
184	428
372	285
137	291
71	496
260	322
270	80
73	94
49	51
182	17
132	188
105	82
101	112
376	360
478	84
117	223
213	355
197	1
220	301
243	278
190	242
208	314
232	12
392	191
420	380
70	462
143	197
130	324
281	68
482	208
483	395
400	450
377	163
87	25
38	350
68	481
286	25
67	300
215	46
421	268
369	454
174	63
232	453
226	248
234	34
462	208
244	221
495	253
117	487
403	230
402	341
80	190
436	192
326	452
271	5
364	487
41	118
232	399
495	429
388	495
34	401
242	30
300	311
413	378
258	200
177	35
235	138
499	262
243	157
484	298
372	328
139	49
488	451
160	365
369	315
107	376
83	426
340	64
113	377
375	239
316	387
332	230
228	6
275	190
12	352
274	293
192	263
309	288
59	101
434	277
422	164
297	165
203	414
360	438
454	328
179	99
63	472
98	17
355	458
387	284
374	41
311	267
355	414
389	337
323	1
407	458
358	248
264	357
332	427
294	23
286	453
194	147
222	122
336	335
354	438
345	328
299	57
500	136
99	74
161	446
20	391
315	169
156	32
280	300
397	290
323	30
450	462
432	219
477	408
248	272
377	239
242	456
345	324
420	328
302	258
157	171
428	263
267	498
210	468
248	5
466	264
177	356
278	412
378	185
295	183
271	61
64	500
4	363
146	9
193	482
151	443
240	259
222	258
129	101
459	335
278	498
313	2
296	208
127	428
222	363
264	441
284	68
415	145
422	211
330	255
389	461
17	218
17	327
300	142
155	109
12	257
305	129
221	260
307	37
33	72
124	286
348	447
344	484
443	234
106	122
329	360
340	126
471	236
120	416
110	445
258	157
243	324
239	29
475	342
419	338
466	481
29	238
19	336
87	2
84	150
305	297
256	20
295	372
283	478
348	386
341	146
319	396
177	174
381	288
282	50
8	192
11	139
302	244
367	223
391	471
205	209
388	361
165	480
489	22
109	479
71	477
339	314
277	321
352	110
154	410
236	346
453	95
102	302
278	40
70	101
247	437
381	412
317	237
403	428
122	173
54	412
148	113
378	201
417	382
217	57
100	426
285	93
452	208
286	277
220	108
234	202
143	234
220	249
39	394
348	157
405	160
101	4
29	396
197	32
151	98
433	259
258	478
112	32
183	475
177	301
496	73
448	25
341	26
254	227
50	262
444	373
140	60
119	20
408	458
166	340
306	222
427	73
145	103
153	393
426	482
321	478
192	474
48	145
457	85
331	190
120	144
181	45
351	112
404	293
281	231
173	362
475	280
180	368
233	176
85	493
445	17
130	185
42	185
424	371
285	29
416	123
471	165
110	339
68	268
37	229
153	202
130	338
195	209
471	143
116	244
415	189
206	499
195	410
430	43
266	452
225	99
28	407
401	47
288	259
1	223
95	334
478	50
332	421
117	262
483	69
484	3
485	166
161	416
349	153
16	25
436	304
498	195
320	4
172	222
458	222
226	154
9	169
390	366
498	117
116	173
206	163
57	478
323	164
202	80
350	173
330	93
91	135
369	70
122	386
238	145
370	294
184	272
230	149
80	110
274	322
204	448
131	237
118	207
451	216
80	144
111	94
52	157
326	400
282	284
381	243
319	497
303	105
362	169
116	70
145	293
497	397
496	431
258	131
168	215
277	470
430	236
228	187
344	15
242	416
103	100
38	259
62	480
421	160
198	485
210	225
409	121
191	497
55	147
480	290
77	458
499	436
3	192
340	208
312	491
179	224
296	34
410	403
305	139
164	449
243	261
115	324
326	356
130	273
401	338
8	188
453	71
375	151
335	225
429	486
410	7
35	438
94	58
381	308
183	359
61	34
452	407
247	425
362	250
33	125
240	200
447	102
95	368
342	152
316	133
50	308
228	443
288	229
128	379
176	76
211	467
461	111
43	436
53	108
237	351
16	346
432	424
58	219
246	15
300	182
225	112
170	202
41	491
69	86
390	256
232	79
146	119
97	92
240	203
378	158
191	145
135	327
374	45
372	95
93	239
172	133
393	443
376	147
43	132
196	329
275	140
99	370
395	416
38	473
283	55
466	334
415	276
420	382
310	356
75	346
387	259
107	455
372	53
160	196
370	210
331	220
61	134
36	57
305	16
380	276
230	225
392	287
133	296
88	344
327	229
108	324
125	351
249	487
305	312
271	92
383	114
75	182
448	328
49	353
151	175
466	433
191	379
466	159
311	343
150	169
9	87
441	169
309	448
376	373
71	459
198	371
324	102
323	448
402	500
411	378
185	348
336	273
125	335
396	37
253	18
365	182
412	360
212	411
436	259
144	471
276	376
321	407
6	397
119	159
48	266
362	495
445	424
221	150
355	1
403	197
345	263
313	449
315	468
264	373
4	306
76	458
230	272
298	4
137	207
261	121
155	377
232	195
215	97
494	147
440	189
7	283
173	312
411	193
279	489
295	3
431	423
197	50
421	156
13	150
121	119
74	127
92	359
225	487
88	43
59	130
243	361
86	115
283	245
55	286
47	340
158	46
364	82
425	7
229	317
97	152
197	33
268	115
341	429
480	437
355	497
449	359
418	114
407	84
401	487
156	415
205	164
24	265
256	386
99	309
169	495
187	236
148	436
392	184
162	234
269	468
51	196
51	1
161	14
154	262
487	65
184	188
28	355
255	51
486	334
303	403
280	57
338	182
333	489
113	66
266	194
37	411
100	207
440	432
250	159
129	491
367	80
382	384
374	45
337	321
8	456
457	13
388	263
111	473
171	407
86	387
134	9
246	429
330	439
321	449
230	261
202	14
54	272
264	103
120	148
214	403
478	442
466	129
167	249
232	132
276	298
327	81
234	191
188	140
163	325
203	255
98	322
182	233
21	312
134	481
306	16
397	147
480	228
408	27
110	241
251	258
411	23
171	427
150	489
63	77
223	192
400	208
416	483
12	403
21	20
388	107
255	494
255	59
227	328
121	34
284	261
214	388
64	187
458	362
362	309
125	150
72	399
216	445
260	6
425	459
43	260
441	497
219	122
137	454
295	317
246	141
44	53
339	269
82	445
189	190
335	126
445	37
94	342
424	152
82	208
332	400
396	458
394	245
408	177
120	315
390	488
385	206
380	470
278	151
6	223
74	260
484	126
73	29
348	403
241	18
70	112
346	478
350	471
209	47
433	232
19	150
107	294
325	225
46	50
110	258
408	70
80	73
6	380
323	216
125	451
145	198
276	327
402	310
467	4
251	146
67	368
300	297
210	452
156	78
209	180
324	209
195	457
328	180
108	136
494	242
462	229
458	92
267	306
143	6
396	35
299	387
107	121
108	164
29	168
76	149
429	33
199	342
212	266
341	243
157	148
406	496
218	312
190	236
236	481
275	421
181	214
117	231
37	11
130	91
57	368
250	17
15	484
343	441
12	188
294	216
478	158
386	216
39	489
239	14
41	278
101	388
439	62
316	419
208	273
244	260
407	248
411	453
365	407
235	436
483	48
485	334
263	79
218	448
21	392
98	339
44	473
332	446
152	230
14	367
331	287
138	164
6	248
163	332
476	3
207	118
239	28
435	454
123	416
204	170
390	272
152	109
292	361
58	493
373	254
71	413
5	18
346	110
470	378
371	481
4	290
232	446
485	483
41	367
387	174
497	386
66	467
471	403
69	169
234	240
162	475
80	320
350	235
459	272
8	262
33	12
297	472
136	303
3	368
10	211
492	328
170	40
31	221
390	239
468	106
183	73
440	148
476	10
164	84
350	167
39	216
82	434
189	301
194	127
289	208
162	103
153	13
173	116
253	194
216	46
219	188
408	363
349	351
491	388
72	149
317	424
310	80
300	489
465	388
320	139
298	454
295	272
74	31
107	320
194	272
417	383
86	375
408	191
76	231
87	410
432	347
335	263
371	141
132	362
241	24
435	55
334	378
162	15
433	231
220	367
79	355
252	220
247	320
113	434
137	494
272	41
148	61
171	127
88	446
229	20
77	312
67	418
85	128
107	387
488	457
78	133
91	70
49	453
320	316
483	28
374	307
378	141
285	4
76	368
32	48
192	366
177	41
330	158
386	56
395	141
156	288
412	263
405	48
60	196
329	164
327	367
303	188
231	155
129	76
24	226
185	430
251	398
461	94
199	404
371	314
248	352
225	117
147	72
381	435
286	12
248	202
471	16
421	38
38	441
88	23
28	85
197	174
139	49
145	335
180	94
68	230
82	343
196	302
486	53
209	374
403	273
403	252
6	103
339	286
309	316
453	161
96	199
464	78
129	428
300	313
225	402
380	178
464	225
431	362
254	216
381	199
420	37
262	144
485	480
118	83
234	442
384	181
105	92
485	16
306	217
12	56
330	12
24	270
436	8
488	206
479	482
358	154
99	151
184	498
226	496
246	273
126	360
364	328
460	299
28	269
240	303
193	362
8	223
166	143
483	16
316	195
448	40
199	310
247	366
240	226
349	269
306	493
109	288
129	461
111	488
200	168
15	140
34	249
332	255
31	245
382	455
170	300
419	270
458	52
456	232
292	450
223	140
113	278
432	367
9	239
192	477
227	187
74	255
255	437
116	316
335	413
191	105
391	122
401	427
56	208
325	73
9	265
418	75
348	363
125	232
60	255
14	170
281	463
305	454
323	500
280	417
212	433
485	95
427	445
464	301
325	372
374	183
242	2
459	243
197	225
183	292
411	138
410	383
387	11
395	425
121	161
201	246
301	4
46	88
323	499
390	144
309	92
452	118
284	37
301	232
461	495
30	373
245	190
19	125
255	293
385	284
3	282
205	93
94	253
26	51
250	56
387	312
49	456
237	157
397	91
4	402
309	218
109	135
398	327
56	66
236	250
69	29
119	471
372	241
413	164
363	13
211	12
470	476
274	333
477	414
47	23
70	133
324	433
311	434
486	192
164	29
1	361
102	163
379	482
335	247
120	130
294	212
302	448
438	426
367	349
302	284
473	326
364	406
90	100
409	130
453	313
301	78
122	54
180	89
142	308
106	258
23	220
89	72
39	53
33	396
301	381
206	250
44	382
113	21
202	389
429	421
234	177
409	90
423	47
57	425
243	373
412	448
218	125
23	47
125	310
118	136
380	444
249	246
167	482
206	139
406	134
300	169
256	496
302	163
63	454
77	388
233	150
111	314
310	147
30	253
452	409
108	335
194	218
207	104
249	268
8	473
288	42
100	207
80	258
13	312
388	61
59	139
318	35
474	125
85	83
163	236
330	24
366	185
139	380
205	53
303	47
143	51
150	456
151	425
114	77
432	452
191	355
366	297
95	94
426	322
92	161
393	388
2	347
243	5
29	327
372	7
345	228
439	31
266	419
14	385
75	334
331	219
435	137
489	11
307	69
124	463
362	96
94	325
398	102
300	224
117	237
43	15
193	417
287	274
132	346
490	381
468	280
43	256
13	275
248	84
177	238
411	477
115	183
51	150
472	153
45	226
76	440
292	88
388	78
319	381
121	468
207	92
275	136
420	194
491	27
283	29
376	309
485	444
497	73
280	389
391	240
140	191
369	408
183	230
155	75
281	256
453	288
99	182
323	271
202	119
42	427
479	19
66	160
175	129
117	325
430	374
168	432
54	192
460	353
426	293
152	20
235	323
36	477
331	460
78	360
444	97
137	169
157	130
491	265
176	388
251	429
386	190
415	393
174	462
403	466
306	313
441	206
393	186
199	289
460	421
435	487
400	403
30	209
89	146
384	103
350	75
385	301
82	35
487	281
72	383
482	226
102	283
336	396
369	482
290	431
89	466
180	226
54	162
120	487
21	222
242	136
128	276
246	387
88	109
377	439
229	87
274	9
319	248
319	291
125	321
393	142
345	322
381	237
73	304
182	161
186	86
376	110
217	467
182	173
265	26
425	255
374	246
482	487
286	341
63	375
399	386
463	192
11	301
276	313
286	232
413	373
380	17
303	203
37	463
311	445
471	311
265	417
27	491
196	82
403	393
349	58
105	487
487	299
35	63
404	310
208	433
104	311
133	155
155	297
393	409
166	282
437	390
389	308
145	18
29	103
409	496
232	288
347	231
108	243
270	183
229	196
205	222
99	19
189	7
202	115
480	417
12	390
499	442
327	305
52	135
62	407
424	81
466	343
226	206
67	436
392	4
113	95
140	178
368	155
272	10
175	74
304	216
157	87
489	208
20	412
339	188
21	416
8	207
480	229
354	272
395	185
360	97
445	198
240	279
258	171
417	363
406	181
202	88
71	327
47	123
286	490
423	135
20	164
123	373
121	130
223	265
210	370
346	203
22	300
494	500
36	364
174	2
343	239
475	186
66	235
318	26
492	408
412	289
260	434
84	328
464	293
342	341
187	289
28	172
213	233
131	402
311	174
33	471
32	226
65	148
211	36
368	362
48	411
337	173
441	430
488	158
89	342
188	113
87	366
383	404
28	79
163	420
258	410
82	1
412	125
433	287
477	487
126	120
155	174
80	491
49	470
198	173
274	291
138	280
388	203
292	84
379	382
91	4
353	191
67	461
360	453
307	404
56	115
132	241
419	40
320	158
433	77
290	221
142	224
299	429
37	54
96	227
233	226
135	315
279	14
10	467
394	382
190	464
217	90
267	494
190	79
303	243
343	310
163	54
446	71
300	274
481	202
182	26
484	440
163	367
140	88
165	318
258	283
428	120
90	155
459	342
150	427
246	463
171	143
383	492
362	361
494	430
156	483
241	152
169	446
352	409
128	446
16	85
133	410
299	174
53	140
238	390
133	362
51	497
83	161
328	445
460	260
43	15
280	241
45	256
394	189
424	268
385	43
153	238
21	281
178	338
450	121
395	92
232	457
452	84
226	132
225	339
317	414
136	464
332	482
240	455
416	116
442	40
184	66
423	139
264	204
441	393
125	248
214	80
93	440
390	205
373	56
437	91
151	363
320	380
317	304
338	354
453	49
395	134
31	483
297	449
480	17
190	219
241	344
393	88
172	149
366	245
378	300
354	267
244	392
457	8
60	424
295	440
220	266
227	489
30	434
207	433
343	305
199	217
353	372
85	255
396	448
398	474
329	481
245	148
147	443
351	326
100	398
367	291
27	126
462	374
478	13
324	227
425	115
200	377
56	108
206	29
124	497
148	139
137	420
224	243
269	98
493	30
302	325
201	458
58	443
234	127
132	448
177	452
456	342
444	440
66	268
408	461
216	114
13	101
128	424
188	33
297	57
84	388
374	129
172	226
458	53
1	130
71	113
30	267
369	125
89	354
367	205
338	141
478	225
76	435
63	309
399	182
340	321
446	430
472	75
376	121
127	401
298	293
125	44
367	370
20	389
218	399
190	315
92	304
323	219
75	277
363	169
1	365
114	450
122	327
126	186
440	29
337	394
215	49
245	85
477	379
87	334
333	107
282	122
365	446
104	265
241	293
13	345
6	423
196	376
426	54
212	63
196	182
51	26
77	155
104	487
217	179
404	482
380	150
319	437
262	357
21	76
262	468
124	233
443	10
129	101
37	478
336	465
31	317
434	385
424	408
15	221
112	18
487	124
458	168
47	112
335	24
399	53
365	45
474	484
32	31
100	273
104	378
372	288
25	66
262	210
450	286
30	69
400	125
152	425
199	410
316	301
387	360
422	452
175	114
31	141
174	312
353	24
425	229
440	123
346	12
201	412
95	284
402	404
48	495
477	243
9	141
275	439
293	118
186	68
98	490
475	363
475	136
212	409
326	113
451	293
290	472
254	150
33	165
125	434
133	124
318	94
468	325
97	481
102	425
320	38
115	477
338	194
270	140
198	24
63	293
104	303
491	489
472	204
381	240
141	427
297	251
423	336
62	209
163	379
152	392
46	313
448	461
235	491
153	137
71	3
100	300
472	60
441	114
216	1
231	133
383	73
362	196
268	366
219	107
33	103
50	78
383	263
265	91
465	43
369	192
468	392
23	117
394	318
445	29
361	342
472	247
395	497
238	401
103	230
401	249
159	8
194	46
118	339
274	166
395	314
135	2
117	443
211	392
234	60
44	267
359	340
212	299
486	301
122	228
463	329
131	18
477	378
295	366
16	228
271	99
75	181
134	155
192	103
183	435
282	308
261	130
412	333
134	326
233	417
209	153
469	2
345	500
387	354
99	303
484	83
169	133
118	170
357	182
393	462
246	51
47	246
93	236
135	281
246	351
425	471
300	95
230	471
109	5
370	264
8	284
499	283
428	75
481	202
377	327
79	480
40	405
280	238
279	241
16	359
487	461
481	304
81	322
147	435
80	247
385	350
283	99
176	316
374	436
276	261
296	300
341	39
227	455
61	210
261	397
424	209
424	130
102	386
472	459
14	450
407	462
299	442
125	307
82	327
243	217
482	30
320	414
139	164
384	226
149	108
159	2
342	54
308	2
152	411
338	165
491	373
447	273
321	497
475	232
165	121
300	204
381	377
67	491
198	102
45	471
333	146
247	468
325	197
476	160
414	269
27	165
373	157
57	476
291	15
219	160
280	432
80	154
336	242
239	245
367	114
168	465
286	152
412	415
250	309
484	371
478	476
60	56
24	473
46	121
252	361
468	45
203	105
209	265
30	464
428	312
197	83
304	289
63	256
136	99
319	326
443	387
233	109
269	472
426	61
481	6
479	476
372	455
460	449
360	428
16	340
482	91
62	229
305	232
307	181
412	319
42	492
301	94
175	100
343	77
177	27
296	305
221	265
383	206
266	100
438	106
153	182
216	494
345	195
228	42
47	418
99	369
451	363
318	407
71	415
491	228
55	394
372	453
398	5
403	181
349	316
426	491
263	435
215	79
147	436
135	165
193	437
303	404
96	300
61	96
150	80
443	322
184	251
90	305
236	161
54	450
127	275
244	380
220	238
421	35
433	315
105	48
266	474
408	280
133	347
85	40
288	8
345	14
136	292
357	316
143	314
488	16
460	189
126	356
23	165
417	140
431	208
285	24
325	447
463	283
330	292
21	485
482	107
384	301
73	353
82	20
274	397
478	339
277	355
481	347
53	226
406	41
103	266
295	489
22	251
40	15
81	177
481	348
215	247
233	151
326	30
139	427
443	313
143	115
334	455
401	334
386	470
398	13
215	436
260	409
451	207
118	304
296	463
457	337
41	367
435	499
366	418
327	415
33	398
65	330
352	346
419	223
362	229
258	208
417	38
53	332
286	50
37	23
79	387
417	183
291	158
486	70
151	159
291	434
358	363
363	476
301	156
222	426
25	331
388	419
139	77
385	72
81	99
353	241
150	431
334	294
320	462
444	51
439	41
348	308
224	45
478	323
283	108
72	220
480	297
54	385
74	203
299	297
233	165
120	483
167	127
258	458
463	442
421	87
209	226
358	489
85	166
313	225
322	263
251	399
89	455
311	298
323	103
102	301
488	467
471	358
175	352
257	13
365	7
448	416
60	188
318	104
352	490
136	89
19	55
478	5
457	58
232	500
475	80
77	13
460	118
173	380
430	312
56	372
444	71
106	276
367	365
154	197
309	122
438	240
36	312
260	119
284	235
317	492
281	303
18	491
431	473
369	428
59	317
445	401
143	484
213	34
456	386
153	262
431	311
65	83
446	283
178	161
100	492
494	100
92	406
347	87
96	476
196	288
5	175
296	396
302	69
445	301
231	194
152	291
468	153
458	215
173	15
238	300
484	138
424	21
343	302
352	474
183	35
182	394
349	410
361	378
476	386
61	464
2	357
423	209
53	18
492	303
120	226
144	421
15	393
415	105
157	331
468	432
18	331
426	124
326	26
209	445
47	375
80	135
173	292
390	109
366	105
351	257
247	139
319	303
392	190
105	469
489	207
409	463
423	236
81	419
427	468
260	91
365	70
296	366
408	316
243	116
250	210
324	125
167	302
395	454
275	248
463	3
55	171
275	206
114	257
140	149
143	364
134	223
19	305
429	151
449	429
65	277
491	103
372	320
128	369
50	161
340	411
274	236
72	261
422	166
56	414
412	40
123	326
327	463
49	265
45	119
464	409
328	409
500	38
227	159
274	88
22	229
222	298
229	451
333	491
134	426
426	325
87	448
468	185
252	267
426	360
432	67
120	172
255	446
159	105
328	243
194	71
191	124
71	488
148	304
362	53
451	228
329	74
136	190
159	371
18	270
235	198
40	359
262	30
370	30
401	131
375	117
295	268
85	180
458	78
335	365
207	338
78	446
427	370
426	247
443	282
39	340
318	429
120	390
16	418
