1	2
2	3
3	4
4	5
5	6
6	7
7	8
8	9
9	10
10	11
11	12
12	13
13	14
14	15
15	16
16	17
17	18
18	19
19	20
20	21
21	22
22	23
23	24
24	25
25	26
26	27
27	28
28	29
29	30
30	31
31	32
32	33
33	34
34	35
35	36
36	37
37	38
38	39
39	40
40	41
41	42
42	43
43	44
44	45
45	46
46	47
47	48
48	49
49	50
50	51
51	52
52	53
53	54
54	55
55	56
56	57
57	58
58	59
59	60
60	61
61	62
62	63
63	64
64	65
65	66
66	67
67	68
68	69
69	70
70	71
71	72
72	73
73	74
74	75
75	76
76	77
77	78
78	79
79	80
80	81
81	82
82	83
83	84
84	85
85	86
86	87
87	88
88	89
89	90
90	91
91	92
92	93
93	94
94	95
95	96
96	97
97	98
98	99
99	100
100	101
101	102
102	103
103	104
104	105
105	106
106	107
107	108
108	109
109	110
110	111
111	112
112	113
113	114
114	115
115	116
116	117
117	118
118	119
119	120
120	121
121	122
122	123
123	124
124	125
125	126
126	127
127	128
128	129
129	130
130	131
131	132
132	133
133	134
134	135
135	136
136	137
137	138
138	139
139	140
140	141
141	142
142	143
143	144
144	145
145	146
146	147
147	148
148	149
149	150
150	151
151	152
152	153
153	154
154	155
155	156
156	157
157	158
158	159
159	160
160	161
161	162
162	163
163	164
164	165
165	166
166	167
167	168
168	169
169	170
170	171
171	172
172	173
173	174
174	175
175	176
176	177
177	178
178	179
179	180
180	181
181	182
182	183
183	184
184	185
185	186
186	187
187	188
188	189
189	190
190	191
191	192
192	193
193	194
194	195
195	196
196	197
197	198
198	199
199	200
200	201
201	202
202	203
203	204
204	205
205	206
206	207
207	208
208	209
209	210
210	211
211	212
212	213
213	214
214	215
215	216
216	217
217	218
218	219
219	220
220	221
221	222
222	223
223	224
224	225
225	226
226	227
227	228
228	229
229	230
230	231
231	232
232	233
233	234
234	235
235	236
236	237
237	238
238	239
239	240
240	241
241	242
242	243
243	244
244	245
245	246
246	247
247	248
248	249
249	250
250	251
251	252
252	253
253	254
254	255
255	256
256	257
257	258
258	259
259	260
260	261
261	262
262	263
263	264
264	265
265	266
266	267
267	268
268	269
269	270
270	271
271	272
272	273
273	274
274	275
275	276
276	277
277	278
278	279
279	280
280	281
281	282
282	283
283	284
284	285
285	286
286	287
287	288
288	289
289	290
290	291
291	292
292	293
293	294
294	295
295	296
296	297
297	298
298	299
299	300
300	301
301	302
302	303
303	304
304	305
305	306
306	307
307	308
308	309
309	310
310	311
311	312
312	313
313	314
314	315
315	316
316	317
317	318
318	319
319	320
320	321
321	322
322	323
323	324
324	325
325	326
326	327
327	328
328	329
329	330
330	331
331	332
332	333
333	334
334	335
335	336
336	337
337	338
338	339
339	340
340	341
341	342
342	343
343	344
344	345
345	346
346	347
347	348
348	349
349	350
350	351
351	352
352	353
353	354
354	355
355	356
356	357
357	358
358	359
359	360
360	361
361	362
362	363
363	364
364	365
365	366
366	367
367	368
368	369
369	370
370	371
371	372
372	373
373	374
374	375
375	376
376	377
377	378
378	379
379	380
380	381
381	382
382	383
383	384
384	385
385	386
386	387
387	388
388	389
389	390
390	391
391	392
392	393
393	394
394	395
395	396
396	397
397	398
398	399
399	400
400	401
401	402
402	403
403	404
404	405
405	406
406	407
407	408
408	409
409	410
410	411
411	412
412	413
413	414
414	415
415	416
416	417
417	418
418	419
419	420
420	421
421	422
422	423
423	424
424	425
425	426
426	427
427	428
428	429
429	430
430	431
431	432
432	433
433	434
434	435
435	436
436	437
437	438
438	439
439	440
440	441
441	442
442	443
443	444
444	445
445	446
446	447
447	448
448	449
449	450
450	451
451	452
452	453
453	454
454	455
455	456
456	457
457	458
458	459
459	460
460	461
461	462
462	463
463	464
464	465
465	466
466	467
467	468
468	469
469	470
470	471
471	472
472	473
473	474
474	475
475	476
476	477
477	478
478	479
479	480
480	481
481	482
482	483
483	484
484	485
485	486
486	487
487	488
488	489
489	490
490	491
491	492
492	493
493	494
494	495
495	496
496	497
497	498
498	499
499	500
500	501
501	502
502	503
503	504
504	505
505	506
506	507
507	508
508	509
509	510
510	511
511	512
512	513
513	514
514	515
515	516
516	517
517	518
518	519
519	520
520	521
521	522
522	523
523	524
524	525
525	526
526	527
527	528
528	529
529	530
530	531
531	532
532	533
533	534
534	535
535	536
536	537
537	538
538	539
539	540
540	541
541	542
542	543
543	544
544	545
545	546
546	547
547	548
548	549
549	550
550	551
551	552
552	553
553	554
554	555
555	556
556	557
557	558
558	559
559	560
560	561
561	562
562	563
563	564
564	565
565	566
566	567
567	568
568	569
569	570
570	571
571	572
572	573
573	574
574	575
575	576
576	577
577	578
578	579
579	580
580	581
581	582
582	583
583	584
584	585
585	586
586	587
587	588
588	589
589	590
590	591
591	592
592	593
593	594
594	595
595	596
596	597
597	598
598	599
599	600
600	601
601	602
602	603
603	604
604	605
605	606
606	607
607	608
608	609
609	610
610	611
611	612
612	613
613	614
614	615
615	616
616	617
617	618
618	619
619	620
620	621
621	622
622	623
623	624
624	625
625	626
626	627
627	628
628	629
629	630
630	631
631	632
632	633
633	634
634	635
635	636
636	637
637	638
638	639
639	640
640	641
641	642
642	643
643	644
644	645
645	646
646	647
647	648
648	649
649	650
650	651
651	652
652	653
653	654
654	655
655	656
656	657
657	658
658	659
659	660
660	661
661	662
662	663
663	664
664	665
665	666
666	667
667	668
668	669
669	670
670	671
671	672
672	673
673	674
674	675
675	676
676	677
677	678
678	679
679	680
680	681
681	682
682	683
683	684
684	685
685	686
686	687
687	688
688	689
689	690
690	691
691	692
692	693
693	694
694	695
695	696
696	697
697	698
698	699
699	700
700	701
701	702
702	703
703	704
704	705
705	706
706	707
707	708
708	709
709	710
710	711
711	712
712	713
713	714
714	715
715	716
716	717
717	718
718	719
719	720
720	721
721	722
722	723
723	724
724	725
725	726
726	727
727	728
728	729
729	730
730	731
731	732
732	733
733	734
734	735
735	736
736	737
737	738
738	739
739	740
740	741
741	742
742	743
743	744
744	745
745	746
746	747
747	748
748	749
749	750
219	491
502	302
105	285
695	436
7	80
632	504
30	198
177	546
572	308
187	274
683	500
16	633
199	556
345	52
11	649
333	11
34	269
570	23
571	493
390	384
472	537
471	714
560	98
570	57
550	450
427	534
186	406
508	450
218	622
391	265
661	38
112	474
422	32
426	248
179	214
118	240
69	684
640	211
303	314
686	382
521	170
355	245
723	120
324	739
263	627
700	437
431	671
264	175
11	495
181	177
205	230
206	275
37	502
347	394
115	487
248	541
18	11
238	632
560	454
538	403
126	735
591	601
418	608
54	641
105	255
131	676
135	566
709	220
184	518
541	153
732	439
451	63
591	739
549	573
242	77
622	701
405	185
179	459
233	185
539	504
396	664
653	203
588	719
86	212
458	10
314	242
444	717
481	327
739	561
59	447
179	579
613	248
454	411
539	239
239	121
502	646
686	529
109	170
482	598
308	609
708	733
367	513
32	706
537	563
617	388
69	98
198	124
467	733
518	58
500	154
191	578
28	275
4	2
319	361
96	292
176	347
13	87
148	522
524	514
409	443
685	739
94	100
661	348
247	151
534	323
2	27
710	5
182	149
409	685
655	30
677	169
86	478
351	277
91	1
574	138
513	234
464	522
736	245
521	587
749	425
713	274
324	484
178	731
742	208
632	32
80	87
584	184
714	77
435	260
545	336
715	152
34	736
350	619
232	441
59	731
273	701
621	413
422	351
658	14
52	336
562	526
3	603
432	481
405	303
504	411
82	456
505	143
417	482
527	645
575	192
257	565
403	657
675	609
320	17
55	210
114	12
199	426
526	604
75	289
697	175
716	549
137	422
293	606
33	437
174	500
587	638
413	217
460	472
124	465
579	688
451	306
74	289
214	263
557	289
318	262
730	167
654	329
620	506
627	60
103	652
206	70
624	158
232	99
136	554
304	618
331	147
166	678
660	467
139	99
109	364
194	575
60	6
346	294
538	176
689	148
412	644
22	640
331	451
436	570
568	629
418	297
671	249
165	678
405	353
414	95
130	384
350	195
245	670
733	326
107	287
305	62
404	245
340	270
668	196
85	640
629	331
732	479
196	145
78	174
556	320
715	312
64	736
430	713
628	416
381	589
458	14
594	722
108	265
248	50
366	596
281	728
376	510
163	276
326	621
454	176
695	692
613	665
686	211
591	48
489	203
551	53
545	729
565	730
272	383
318	665
33	530
149	130
85	327
352	28
661	59
422	167
175	476
282	306
709	24
731	525
354	241
737	471
317	712
750	180
305	208
696	346
503	634
315	573
168	9
46	540
236	221
264	478
439	358
231	22
629	714
4	716
511	669
412	232
400	564
669	381
308	481
16	292
181	702
291	708
638	195
356	72
358	263
640	366
220	484
353	624
484	133
535	545
482	166
59	262
43	307
309	157
654	34
644	489
257	528
471	283
577	555
479	565
573	225
265	175
661	49
602	150
371	157
340	253
471	282
654	717
475	169
29	116
313	25
120	748
520	750
335	255
202	305
78	340
639	664
287	207
279	720
57	20
411	524
696	64
662	25
50	572
283	251
739	184
414	394
499	442
605	155
510	373
671	32
529	184
84	278
156	731
355	643
377	496
565	185
48	218
248	606
144	575
114	410
252	47
447	427
498	701
412	343
377	46
644	36
311	316
206	704
614	456
567	352
502	105
286	180
488	16
80	562
136	214
169	243
451	400
647	63
507	440
484	100
510	392
538	197
611	666
625	381
147	266
200	726
301	221
545	18
610	651
711	580
659	177
388	536
392	50
742	694
382	149
593	723
182	561
414	518
70	376
540	661
8	282
270	193
111	494
541	189
86	271
423	382
390	155
2	265
318	669
663	697
307	292
464	634
266	462
49	233
282	83
631	335
577	492
668	540
320	8
292	685
321	608
262	246
195	491
458	86
738	401
465	676
77	185
528	735
147	741
611	349
10	579
132	478
127	671
204	40
620	299
79	186
210	241
96	178
526	499
205	138
586	278
26	511
256	104
598	236
692	485
335	445
245	52
509	584
516	41
429	143
18	406
174	164
465	166
432	508
198	433
621	400
490	252
28	584
750	490
334	130
411	688
157	327
252	64
514	186
617	448
172	654
120	235
492	13
262	216
526	702
667	525
221	564
564	604
678	375
492	96
338	251
244	682
175	687
438	244
652	206
739	737
457	342
446	10
147	143
458	50
413	128
391	256
9	730
300	335
58	673
476	284
666	713
599	390
652	527
237	188
589	379
338	711
721	361
561	667
282	286
480	557
623	273
489	175
136	717
111	632
353	750
533	446
434	101
370	110
671	340
649	476
698	688
475	267
85	13
178	332
481	743
123	586
224	734
718	295
404	468
316	436
664	443
263	52
469	194
611	664
482	177
175	292
291	678
657	108
626	61
628	489
438	518
582	359
274	711
271	739
10	105
627	295
15	343
48	244
750	245
241	222
371	124
717	587
389	46
20	262
452	17
403	443
94	70
168	180
301	381
726	509
665	693
387	142
200	554
186	256
191	197
417	601
95	654
276	696
734	251
28	432
59	690
67	654
354	157
221	456
95	173
596	470
525	341
694	6
364	86
251	577
268	333
603	554
234	710
417	128
94	403
422	545
192	631
174	665
473	425
655	159
646	420
56	660
41	673
551	455
22	407
32	591
362	107
150	657
321	445
186	114
588	338
259	136
610	283
63	151
291	136
3	269
123	603
38	627
662	297
454	658
630	305
257	12
422	129
337	678
104	414
462	481
304	404
740	152
598	330
387	11
404	717
468	205
440	397
492	283
655	23
189	90
141	320
274	125
591	446
644	648
414	694
198	733
286	287
71	275
535	281
307	724
648	159
180	122
732	643
220	580
44	570
414	173
13	479
224	110
385	326
316	640
738	280
339	706
439	317
49	51
149	297
163	145
709	55
643	615
337	695
670	130
53	230
437	492
685	285
313	519
133	411
495	109
194	386
48	582
386	580
183	178
202	98
506	211
606	154
561	155
444	594
85	137
328	293
710	273
586	372
427	626
490	392
97	469
650	389
554	666
624	698
171	216
716	303
493	31
532	577
650	658
349	532
56	627
295	144
643	159
216	202
153	464
68	60
399	731
556	606
166	606
249	129
95	83
205	120
163	616
379	50
708	460
155	678
430	747
86	73
299	631
268	654
687	516
223	463
348	285
425	470
375	280
260	449
214	496
227	632
511	586
619	583
604	90
687	77
638	692
151	354
449	149
450	52
565	550
640	369
168	26
308	356
583	443
383	401
574	604
428	431
342	291
151	417
724	669
415	476
625	378
262	512
516	132
303	706
193	741
534	178
665	430
463	213
375	582
194	231
652	280
514	152
365	602
548	129
568	324
635	688
78	360
280	276
193	275
101	353
691	17
590	546
618	383
497	260
81	614
636	368
645	526
339	560
497	99
401	138
719	132
95	75
273	256
573	215
561	649
747	166
439	727
54	252
227	744
617	137
129	687
608	540
168	38
288	198
641	128
510	705
39	158
162	567
687	463
600	608
390	423
445	657
712	494
46	492
509	532
73	560
290	668
159	744
655	565
203	320
677	621
377	650
394	391
436	192
414	100
400	544
240	507
640	558
44	90
520	142
257	731
634	726
302	361
575	181
520	471
175	720
544	514
658	197
581	381
282	231
290	314
395	85
540	99
186	14
654	282
188	175
453	81
581	439
53	22
56	15
413	481
501	548
55	525
259	216
5	277
284	402
533	64
729	259
200	322
530	561
486	6
696	589
271	505
735	21
444	614
457	179
539	122
413	476
149	720
441	539
543	345
639	536
367	601
7	50
577	468
590	369
331	545
177	705
15	528
393	318
106	610
433	185
671	727
488	66
12	368
136	429
331	567
480	527
345	623
492	528
690	638
200	511
14	500
630	150
475	81
662	249
242	271
212	65
419	282
485	742
666	414
157	682
690	257
742	75
14	40
121	307
183	94
203	177
509	436
175	681
172	714
194	134
311	233
403	229
86	30
639	717
284	556
213	342
558	469
612	133
550	314
201	545
3	177
165	154
514	651
744	135
107	338
167	565
483	571
218	556
252	355
247	23
119	650
431	607
581	479
297	423
712	551
558	207
43	56
399	407
51	619
239	116
60	167
382	451
288	144
551	176
368	551
89	181
496	370
567	172
702	202
170	414
17	398
696	74
487	102
602	105
471	537
471	737
205	705
621	703
395	93
570	2
355	9
379	523
431	325
664	383
459	166
665	301
578	221
706	151
103	197
160	49
501	455
553	487
704	654
714	630
524	455
536	491
265	146
296	6
264	86
379	182
462	702
64	195
658	296
562	218
115	704
584	418
702	689
564	234
20	104
268	109
214	380
231	169
269	154
431	615
449	294
741	480
339	632
476	307
28	614
653	252
152	105
287	54
408	640
439	269
68	170
507	690
593	299
725	566
218	180
648	78
365	269
604	404
398	521
671	569
564	365
67	545
258	516
42	435
542	447
678	437
101	479
563	298
684	266
373	111
719	706
702	128
238	338
405	141
2	287
546	461
344	374
692	362
34	692
613	240
355	7
267	435
17	476
669	423
466	345
500	312
205	341
663	552
467	74
257	114
196	271
449	74
478	186
642	480
117	105
450	138
566	740
660	569
530	157
266	81
313	417
175	213
471	160
608	78
91	137
672	465
617	305
502	680
611	430
547	604
570	735
540	477
481	667
139	319
745	480
71	631
470	105
311	562
466	328
583	88
215	146
80	712
190	250
521	569
208	454
329	346
180	381
253	101
261	720
424	518
584	603
176	165
584	221
215	231
111	152
530	289
165	562
353	196
355	193
6	190
431	507
607	371
315	650
281	45
464	629
443	120
540	106
663	499
665	109
522	328
731	73
611	418
406	656
53	193
595	388
329	210
680	268
280	238
136	645
308	150
604	472
317	657
721	576
46	386
251	169
357	126
47	189
227	147
102	581
120	445
90	708
591	669
319	633
251	8
443	312
535	161
324	316
621	633
183	287
216	267
181	225
720	349
180	441
4	594
167	494
552	421
586	746
496	243
511	351
346	750
240	276
8	312
680	435
591	108
639	256
57	386
593	348
574	393
172	392
146	274
114	610
540	259
235	104
621	30
734	617
261	223
565	51
112	32
80	678
29	512
343	364
194	553
32	234
743	646
681	128
260	54
454	317
681	256
514	721
749	517
142	580
428	337
431	421
537	64
347	304
698	112
411	275
388	698
223	683
627	130
226	168
498	90
4	707
691	97
334	614
215	656
715	216
63	155
1	268
560	613
681	319
372	694
581	144
695	493
725	661
502	600
600	590
340	390
292	512
45	173
485	27
394	38
339	322
711	661
72	165
499	487
406	343
621	635
451	350
178	718
596	381
272	698
732	717
661	95
16	31
408	555
395	549
459	307
611	518
39	387
521	4
248	259
740	346
716	249
649	665
393	607
603	666
106	409
213	381
381	262
501	712
364	716
595	319
475	8
324	415
618	499
259	504
259	69
246	195
545	604
173	640
567	181
288	359
127	192
647	688
564	609
579	61
633	579
71	263
334	580
381	643
689	185
719	210
322	137
167	132
115	667
519	80
422	451
690	91
582	546
238	366
70	623
611	542
99	461
423	285
575	729
248	9
456	75
57	624
310	129
108	738
182	319
570	611
640	386
551	17
146	630
145	627
563	602
411	302
301	711
269	59
542	517
700	164
11	639
240	448
155	234
505	112
733	478
227	252
67	230
667	530
45	228
444	426
170	725
650	170
221	266
198	178
664	352
678	747
203	370
394	419
86	127
378	35
282	670
573	225
453	365
161	265
32	193
344	636
608	573
473	469
98	67
446	57
27	388
549	263
676	580
478	121
418	545
332	653
561	595
321	616
376	673
87	748
268	240
418	209
253	251
107	580
645	674
710	64
84	218
570	74
399	663
375	378
214	517
85	668
570	615
745	506
331	374
723	732
213	473
322	673
400	572
670	346
693	270
320	240
183	713
570	402
448	160
75	349
393	536
219	604
627	139
362	567
385	145
643	134
424	38
397	194
58	273
584	513
666	535
197	34
275	175
656	84
569	554
306	477
90	281
151	91
77	478
644	492
417	536
386	503
518	279
129	150
182	205
575	3
632	358
636	655
130	585
741	404
204	449
94	738
287	66
119	530
662	624
654	80
576	245
727	421
163	459
203	649
336	138
283	109
724	590
86	547
612	371
318	209
420	602
403	684
352	612
416	193
484	149
366	557
554	276
363	591
579	61
169	10
233	341
653	507
147	78
734	34
173	29
679	54
179	46
373	439
255	16
338	693
80	707
542	739
206	439
182	672
687	133
704	629
267	427
64	628
16	570
456	390
624	56
379	661
499	464
676	117
463	467
322	478
549	671
637	218
77	32
378	109
614	663
135	408
477	327
502	104
150	343
704	269
435	33
184	505
746	87
326	243
467	631
380	177
465	522
298	168
667	256
240	140
627	345
512	261
146	537
718	67
22	606
90	102
261	12
389	402
65	34
490	141
155	531
586	213
157	160
379	725
702	585
744	293
362	624
593	699
354	677
367	130
180	544
356	531
299	506
10	655
673	496
668	378
329	592
511	292
607	477
40	286
537	187
693	650
147	3
8	434
104	271
351	537
16	559
740	491
424	349
625	264
391	538
146	466
373	414
531	6
707	723
729	294
611	376
289	217
79	427
745	402
284	661
672	457
395	422
137	429
205	33
351	510
541	81
315	263
270	441
653	137
223	495
235	735
122	649
362	615
346	508
334	401
450	268
390	28
56	310
356	82
730	491
541	275
377	181
13	682
433	280
604	216
26	662
629	443
719	558
594	202
275	45
701	559
738	645
519	130
41	408
157	85
683	669
245	78
711	273
77	749
540	560
606	424
242	161
745	545
101	464
166	288
371	365
196	629
658	618
468	722
192	592
211	552
416	583
304	59
570	119
300	583
93	398
484	366
269	110
274	82
181	529
716	648
335	10
576	5
380	126
732	640
25	188
673	492
625	201
117	490
538	116
204	342
684	724
40	179
226	53
55	399
128	157
408	726
312	207
91	36
649	473
68	673
493	349
168	409
156	38
84	55
444	186
237	118
395	384
356	287
235	378
713	483
122	732
500	315
365	671
239	201
404	609
101	9
202	222
385	543
148	577
126	67
295	103
349	148
577	673
571	597
45	676
177	310
638	364
325	704
262	418
154	567
351	349
542	160
152	27
160	316
83	91
41	287
239	116
443	109
84	632
11	378
554	549
210	371
267	560
540	665
581	302
405	65
374	553
189	144
437	253
734	361
147	673
345	224
689	544
388	80
48	474
552	473
433	242
40	202
50	217
546	78
516	455
144	442
272	219
245	366
714	281
278	226
226	652
212	740
554	737
750	408
209	199
157	40
158	10
291	612
335	42
427	712
191	39
724	433
246	345
447	228
39	594
468	406
87	19
199	43
384	25
548	728
189	221
92	554
711	263
464	114
54	341
704	13
58	200
504	725
418	237
443	590
658	103
467	250
582	223
172	31
331	402
77	270
623	730
451	706
402	576
263	281
470	584
362	301
149	27
510	407
730	588
608	471
222	737
28	27
147	153
499	335
612	47
627	107
644	252
591	273
572	72
305	138
55	564
83	450
735	349
551	377
304	357
188	654
423	675
483	254
546	449
75	205
597	693
319	77
530	293
325	250
615	285
451	537
515	637
556	587
171	53
689	535
232	516
630	696
489	743
108	146
666	141
142	225
557	667
165	163
364	299
454	638
550	319
280	104
670	59
229	281
411	128
284	724
132	323
571	305
688	260
66	501
355	621
344	31
137	332
425	544
400	653
664	54
460	429
618	685
111	4
395	136
13	619
153	476
167	536
578	493
619	361
61	469
545	498
577	234
586	688
724	577
692	612
528	727
518	657
242	411
256	140
528	627
651	484
355	735
541	443
172	312
378	554
195	572
656	144
374	422
407	616
60	717
205	606
540	577
52	363
535	746
354	603
149	716
141	242
558	340
677	596
585	82
472	494
608	750
495	400
287	69
558	750
125	670
82	164
29	73
172	25
161	400
162	524
221	13
369	398
309	659
458	206
235	232
496	53
83	133
83	64
222	315
610	726
350	141
568	335
58	31
366	303
18	698
305	250
86	29
671	369
403	56
110	308
171	159
566	607
626	622
568	540
694	357
263	58
469	108
78	717
308	22
71	4
394	367
90	577
635	54
215	576
673	416
748	31
522	581
660	616
457	504
465	42
600	475
659	566
455	742
435	332
165	246
316	527
581	482
499	295
29	718
717	685
467	684
162	12
653	397
217	25
604	382
166	118
564	444
528	589
432	572
382	212
715	128
321	439
26	358
433	426
116	139
165	658
196	289
332	77
449	458
626	746
632	408
696	663
331	697
662	699
684	688
129	118
368	203
441	209
598	587
167	372
136	597
170	608
451	541
738	244
132	239
301	431
339	145
51	535
52	48
441	16
386	691
313	360
345	611
664	594
458	122
440	72
180	364
152	521
257	437
379	391
151	493
412	336
635	673
171	136
32	48
490	417
55	348
134	9
282	291
639	28
542	87
628	304
625	295
603	463
49	5
699	380
59	620
47	723
180	181
604	547
716	592
429	351
582	25
607	402
56	379
665	251
397	415
486	15
557	228
9	419
122	712
243	478
517	678
650	279
460	85
463	636
451	459
681	680
45	102
717	735
671	210
130	229
601	117
280	409
439	374
730	622
7	474
565	653
449	299
34	285
606	699
161	701
399	567
458	198
610	278
328	376
458	334
137	69
509	289
291	724
617	131
456	262
159	244
10	501
472	554
584	687
268	443
639	559
17	415
47	12
312	722
282	598
106	611
644	61
248	131
287	596
198	640
167	368
248	709
750	25
546	61
50	528
588	51
184	576
384	544
507	62
388	446
379	690
33	633
414	695
279	354
120	163
693	268
569	563
491	487
50	270
646	344
348	710
302	634
608	302
550	311
510	579
684	62
528	4
532	427
263	31
319	318
43	328
576	342
620	355
402	295
428	65
687	39
546	634
19	727
282	335
747	206
297	48
509	662
358	503
121	15
721	502
611	505
25	724
603	224
619	497
135	474
185	643
66	162
242	185
553	497
28	719
606	441
286	596
609	532
196	423
374	70
407	384
206	451
178	47
303	283
386	286
98	645
721	310
249	506
686	266
121	654
392	176
408	599
532	433
615	469
435	127
394	431
548	613
201	602
434	716
128	386
425	220
630	574
620	450
254	394
67	169
157	59
345	216
203	550
357	494
265	356
731	599
562	358
153	135
738	181
26	436
255	573
627	384
240	702
559	654
618	521
196	193
358	618
98	342
354	728
359	272
570	172
81	447
457	576
460	444
42	670
707	7
412	711
512	216
319	55
627	86
39	688
745	241
750	306
44	74
15	737
567	226
287	341
232	399
535	69
620	125
424	333
194	639
622	179
216	27
125	207
381	125
552	361
490	15
559	297
197	226
643	183
171	565
409	750
511	91
79	165
721	289
481	661
745	727
536	541
331	14
223	659
336	25
176	701
265	646
540	339
292	352
133	319
631	481
157	394
13	182
710	336
494	588
654	414
578	708
1	419
107	349
297	284
91	572
158	264
326	179
474	622
366	325
379	382
595	310
231	94
733	219
227	651
222	30
222	3
433	246
374	557
554	223
721	520
641	467
342	683
664	685
719	708
139	377
269	126
529	684
122	398
652	267
522	253
722	687
538	720
633	59
747	552
312	205
21	245
134	501
441	216
239	704
62	347
53	306
596	637
55	15
184	173
635	677
746	110
102	705
312	28
282	479
262	446
261	29
448	372
162	374
748	377
191	280
661	620
485	736
707	527
347	242
126	711
638	293
709	388
623	88
472	262
33	276
671	92
237	80
448	7
464	649
561	40
47	719
110	8
683	574
378	529
147	460
579	84
199	139
112	169
55	399
707	578
401	169
2	685
356	707
238	601
226	749
51	604
259	734
265	82
76	226
433	305
434	400
37	698
166	172
289	457
193	319
700	86
8	338
539	485
473	212
735	594
542	475
471	98
673	272
7	327
685	180
458	365
294	210
32	695
241	93
647	511
509	593
425	668
542	67
7	399
542	494
413	7
538	78
400	363
378	450
560	136
396	738
700	264
593	581
333	215
495	141
70	112
117	441
31	220
268	61
270	542
42	312
295	69
268	226
722	603
302	305
218	626
276	403
734	449
130	333
352	577
738	405
422	179
622	240
5	230
76	384
101	234
541	612
696	227
408	142
320	598
210	272
69	8
599	636
699	335
1	225
728	547
270	134
411	703
614	92
306	616
430	392
82	303
205	742
505	245
280	750
395	461
720	344
197	161
464	318
291	215
646	475
265	169
714	47
615	729
251	119
442	192
570	432
724	359
106	311
145	223
529	717
639	611
132	263
644	535
351	572
496	158
537	141
349	577
204	637
641	195
286	681
534	683
83	501
537	63
734	622
464	139
222	664
731	426
444	185
260	609
561	595
725	503
124	541
646	535
2	451
536	407
712	176
651	452
327	649
584	412
640	185
168	237
145	443
276	677
101	28
166	742
117	390
668	697
501	82
413	268
124	657
710	435
446	195
44	255
537	488
236	91
642	499
12	700
201	715
450	413
485	281
379	85
348	31
655	166
551	473
259	428
581	531
681	511
553	62
746	283
548	472
345	595
448	606
141	105
182	223
96	59
61	85
364	159
458	91
649	241
90	423
191	331
461	571
721	559
198	518
232	137
17	241
564	724
178	750
743	711
166	609
207	724
74	419
252	698
290	342
128	98
434	546
483	470
381	270
441	175
59	677
176	249
690	368
625	437
457	730
715	452
604	42
237	85
609	336
369	63
252	374
135	409
556	313
11	509
279	711
187	692
618	603
253	409
261	92
71	333
151	626
652	381
750	717
642	238
274	278
199	304
634	377
563	670
77	660
161	312
86	71
69	44
487	209
364	46
187	717
270	256
210	448
40	357
415	586
648	468
105	25
254	206
258	244
135	271
241	628
214	60
66	378
715	83
232	535
542	623
122	130
280	726
186	259
709	248
205	563
39	515
586	267
625	318
600	434
95	407
667	396
196	141
89	657
103	713
568	38
46	608
555	188
267	132
290	110
522	563
12	156
169	428
700	210
361	248
363	658
130	331
525	94
4	565
742	260
548	386
16	304
629	154
348	436
715	23
158	595
553	217
382	431
317	177
583	705
339	688
190	28
564	21
637	292
241	66
133	584
117	405
461	277
11	67
354	350
124	362
219	234
127	711
607	302
52	344
279	502
9	583
639	418
218	730
267	230
406	743
446	349
558	685
397	111
323	86
253	538
184	333
538	352
556	451
501	95
43	142
498	215
606	188
481	498
662	42
94	600
242	478
254	199
227	177
253	633
59	300
313	104
127	68
340	609
244	735
674	100
226	119
206	405
376	218
537	271
467	745
616	505
241	501
174	463
743	170
510	339
120	651
446	482
569	514
343	683
572	21
462	613
169	222
639	114
97	675
233	323
105	149
438	54
93	60
246	531
184	170
703	286
292	455
713	655
365	573
296	42
662	369
472	564
496	605
344	639
490	679
430	311
622	712
619	445
392	39
618	377
590	265
248	282
135	268
442	416
642	246
276	484
705	148
542	438
233	28
613	548
181	96
185	700
599	79
676	494
393	395
295	660
53	106
26	327
458	444
286	695
475	724
393	703
366	646
48	444
237	678
29	145
156	619
1	432
405	202
461	44
588	639
107	286
562	623
626	113
628	519
450	2
369	698
459	737
356	39
254	203
529	305
163	140
177	98
101	541
50	43
350	578
736	492
598	627
598	53
301	402
675	587
521	202
86	397
565	457
609	583
280	118
534	153
209	302
300	311
382	88
324	38
528	425
265	458
55	657
65	539
631	101
283	438
315	630
597	172
624	604
244	664
608	346
328	737
416	74
373	268
241	124
361	303
386	157
713	319
29	732
495	376
515	721
137	718
55	520
244	93
304	250
191	149
454	271
304	50
77	327
546	255
236	276
245	553
507	191
387	349
222	406
285	639
138	423
537	590
190	162
168	678
216	285
52	270
297	346
88	728
586	309
60	268
588	574
556	13
673	75
523	214
180	27
520	514
25	374
613	4
428	297
656	107
307	528
451	534
358	34
689	459
679	71
281	132
198	727
192	626
156	468
745	44
452	641
246	704
143	168
614	386
375	584
58	434
516	176
132	449
389	303
639	733
46	201
79	659
75	204
75	610
29	642
261	27
474	746
163	242
358	295
118	644
95	713
69	710
654	704
361	544
323	698
207	296
187	341
704	575
360	503
487	249
87	61
128	37
182	76
135	341
526	572
673	688
62	697
95	734
221	33
87	174
93	386
567	143
432	330
137	312
40	72
448	613
397	390
330	382
304	169
420	472
404	62
236	353
631	563
523	575
719	715
246	683
252	610
52	320
384	561
169	528
668	530
340	208
442	379
307	260
257	643
97	708
38	501
23	238
586	654
57	498
355	240
706	464
291	308
11	714
665	93
498	544
743	574
453	455
315	459
370	507
634	8
104	352
706	280
227	570
255	472
662	64
145	438
402	130
553	243
319	67
79	413
719	570
350	241
551	318
76	276
732	400
534	270
651	637
474	61
16	180
34	687
425	501
385	347
281	685
193	75
250	380
680	191
195	278
77	238
182	224
195	473
475	737
209	537
651	608
420	614
77	648
693	417
551	240
487	294
355	640
49	527
509	292
250	605
266	97
421	237
154	37
494	194
153	265
563	526
745	464
713	130
166	216
631	191
259	556
559	633
514	623
683	144
89	694
187	126
695	87
83	485
636	508
81	135
91	410
133	109
525	14
97	18
595	457
382	606
174	717
655	749
603	342
630	363
31	694
584	585
299	577
618	657
233	221
708	62
179	66
640	63
43	354
612	362
513	686
454	299
243	272
728	592
245	169
400	146
23	212
312	606
494	508
637	192
385	108
582	731
62	184
735	376
376	212
655	377
124	319
169	553
273	256
103	637
372	641
155	15
426	376
275	729
279	294
661	501
67	250
322	75
522	719
187	297
237	642
501	463
534	398
396	161
555	608
4	710
721	586
176	488
460	180
651	392
453	704
416	33
114	74
386	701
315	69
15	468
430	584
285	551
143	253
498	374
640	395
203	396
750	302
513	311
145	4
34	486
300	381
12	498
177	121
308	680
692	341
646	43
262	131
23	320
269	565
490	138
660	725
16	512
234	141
696	490
245	517
305	5
400	349
182	565
672	267
166	65
674	152
556	138
392	132
97	255
530	609
665	737
127	402
511	663
108	377
413	118
646	602
503	450
123	379
623	590
620	484
467	325
112	132
286	186
653	48
730	353
572	261
34	27
5	175
724	60
694	590
596	478
568	65
327	554
12	376
200	472
251	14
703	550
322	158
319	248
169	94
267	117
721	176
543	203
411	644
93	323
365	563
314	92
145	295
81	646
392	563
273	522
429	239
498	403
101	574
148	534
749	620
631	617
628	651
331	676
678	642
387	1
698	232
413	498
681	742
658	420
536	630
711	479
536	436
485	35
267	388
389	462
506	226
646	396
445	679
12	456
386	106
193	186
299	555
257	441
304	158
260	618
210	136
45	706
193	104
342	637
605	58
21	669
34	198
130	602
449	382
484	226
14	117
135	164
680	292
551	401
457	211
572	586
43	300
547	517
320	344
58	315
703	746
201	436
152	212
205	581
699	522
122	51
568	454
405	524
218	257
528	691
742	443
309	411
447	464
739	715
537	567
427	719
505	29
632	501
70	699
335	679
728	223
527	51
237	339
370	189
606	455
66	342
253	236
116	576
110	152
300	598
679	749
358	8
256	639
343	28
320	115
564	360
66	434
263	641
47	286
65	86
428	113
74	311
5	645
275	267
302	327
731	701
675	519
750	24
197	67
495	531
483	429
14	449
515	421
277	578
592	283
693	98
119	302
157	60
528	79
262	579
569	13
393	449
420	512
490	30
413	466
35	716
482	233
25	90
76	536
183	488
374	112
381	653
655	47
128	164
490	435
235	401
499	172
331	281
181	647
517	217
352	639
432	351
713	68
388	97
20	175
611	476
186	296
262	607
189	417
337	713
478	464
496	652
484	193
105	477
461	318
22	174
383	260
136	572
282	2
39	192
40	496
448	576
440	263
274	479
85	368
391	678
394	70
145	272
326	702
500	480
649	241
435	181
33	665
650	55
376	631
418	486
157	400
314	658
231	406
442	487
120	370
554	417
177	107
81	684
189	564
192	335
271	235
95	566
496	213
731	622
485	181
471	250
738	293
136	670
473	215
686	689
356	131
623	358
274	33
462	668
184	603
185	689
563	596
409	21
407	97
413	388
445	153
391	117
435	39
693	564
511	271
724	340
582	61
613	708
533	125
244	387
620	471
647	665
703	690
612	600
748	156
639	74
367	724
570	516
621	153
204	617
491	570
500	707
629	153
110	357
501	515
478	641
110	445
180	49
17	439
613	232
259	670
4	465
657	272
105	172
607	335
720	134
642	530
406	134
709	738
45	76
722	503
745	313
597	442
742	583
385	645
537	422
585	513
422	85
641	178
637	152
313	51
591	46
135	448
286	310
149	738
680	273
381	74
474	263
459	643
702	344
460	584
747	45
479	555
428	262
567	713
444	521
125	576
12	68
273	15
518	179
73	142
228	155
35	525
103	495
487	746
596	270
106	17
629	696
566	580
206	46
280	251
17	312
195	491
484	106
524	195
249	325
716	405
414	278
352	282
381	561
187	448
236	340
588	589
100	447
5	42
601	647
557	118
679	323
429	216
644	193
250	284
306	54
594	477
281	679
630	292
69	108
676	193
742	398
228	185
306	668
287	283
195	615
191	175
130	525
512	506
584	238
84	66
740	452
625	270
309	494
614	86
369	675
703	750
165	565
343	273
685	18
374	485
35	498
520	620
222	165
432	437
602	672
538	124
32	135
388	515
223	355
665	366
173	455
677	174
401	456
278	638
91	204
437	241
69	479
165	505
327	173
718	66
87	708
674	238
515	697
41	300
115	255
204	400
275	31
456	163
311	707
662	163
743	302
497	588
543	603
328	206
504	224
745	388
453	695
577	391
189	428
100	288
8	73
569	340
79	689
502	734
409	491
510	545
563	300
481	482
524	53
647	358
328	150
583	514
684	39
555	646
44	38
348	641
238	261
626	660
478	498
189	502
609	48
85	296
383	666
571	125
659	456
103	74
104	562
421	305
195	91
102	135
163	409
35	673
602	528
178	657
707	445
216	589
170	211
441	575
423	110
8	13
536	14
535	132
392	306
319	103
671	130
520	604
492	573
262	734
601	401
275	704
400	715
570	379
22	721
251	302
724	395
416	493
174	227
60	296
170	365
328	71
320	724
426	4
39	562
662	696
206	698
185	734
29	65
52	490
305	674
421	340
722	77
744	592
391	380
705	564
677	467
279	299
542	205
653	283
598	5
9	426
360	186
558	648
490	442
598	544
277	369
291	523
156	129
560	57
131	558
695	540
117	425
43	244
485	354
678	494
226	103
574	732
307	146
86	200
492	259
349	156
101	543
257	83
316	446
380	255
429	302
20	489
425	478
177	389
726	249
570	339
108	502
554	234
596	750
321	522
530	732
46	718
654	705
633	567
560	6
522	69
257	673
408	434
440	62
685	138
309	24
364	43
624	146
150	364
314	606
505	80
159	164
183	184
463	80
643	78
645	5
525	551
547	566
213	512
202	344
379	293
283	468
653	469
247	707
587	117
340	234
18	171
445	221
619	389
286	740
80	658
18	348
612	174
197	260
306	190
176	680
489	256
602	482
589	285
692	229
452	392
363	234
430	133
669	101
465	710
536	492
432	691
483	569
165	418
448	99
384	558
152	439
70	241
150	459
686	75
524	278
541	539
705	617
648	476
441	143
443	563
363	388
18	492
654	232
311	207
125	628
88	709
149	298
192	499
266	103
337	643
501	471
469	531
224	249
43	234
292	279
2	530
181	655
274	735
315	29
78	113
521	639
125	210
97	24
390	595
708	570
589	25
619	240
119	152
305	535
103	202
158	68
606	97
655	563
600	434
73	420
259	295
620	677
331	348
186	398
292	57
627	635
104	648
126	400
686	367
480	294
55	688
221	53
529	100
269	254
128	401
449	135
308	441
457	518
534	389
381	223
149	146
553	234
509	503
666	56
71	550
123	300
452	357
45	484
264	448
618	558
457	495
618	707
508	523
367	246
271	498
170	724
360	182
581	388
180	542
704	475
525	464
586	582
316	388
365	19
690	60
148	524
470	518
746	66
665	163
629	580
183	67
485	62
130	656
325	348
645	315
657	581
446	683
384	671
244	495
213	134
565	111
494	501
478	608
427	424
553	64
624	548
430	52
226	386
694	507
352	359
183	178
279	497
131	111
659	610
60	242
38	658
546	457
107	330
613	486
596	111
16	549
496	60
240	202
228	215
158	568
414	654
441	432
262	613
539	476
675	137
456	28
67	534
96	561
113	512
586	469
238	186
287	584
224	523
148	155
304	80
720	605
750	142
561	283
552	284
430	253
473	471
59	288
94	467
619	607
356	174
11	452
730	543
712	709
704	437
629	486
102	404
170	237
165	560
32	410
593	201
414	56
563	330
705	69
555	271
741	572
133	504
572	248
230	236
426	411
183	31
1	557
62	525
452	312
310	289
458	293
457	183
690	170
301	506
400	305
737	554
435	446
198	46
307	489
85	135
87	502
681	85
663	686
689	94
389	634
430	199
378	17
224	19
577	83
287	67
223	18
243	141
579	425
210	602
302	56
221	138
667	384
377	603
272	323
352	694
721	227
309	181
144	517
232	470
318	131
91	248
515	665
431	559
180	554
572	261
211	227
326	218
69	426
446	509
676	373
687	151
519	204
101	117
374	619
168	456
522	340
742	549
190	634
59	40
112	402
510	234
384	222
169	65
426	117
167	60
531	90
460	720
339	571
493	559
257	526
172	451
713	292
316	274
153	591
267	373
377	236
143	605
22	231
406	86
662	490
586	475
670	607
508	461
529	181
693	556
745	647
527	422
54	395
591	434
473	316
426	299
366	486
425	431
321	528
593	307
346	308
444	153
743	362
631	138
622	101
694	486
563	487
461	53
408	620
538	124
226	506
199	90
639	292
500	712
316	139
305	486
603	512
58	451
384	273
443	557
125	19
691	76
372	492
148	82
539	545
432	274
626	14
588	205
128	309
151	350
134	495
34	10
214	604
112	413
557	202
421	700
444	104
576	457
675	437
221	625
433	658
220	182
419	671
533	728
451	5
11	538
545	393
143	2
497	283
551	519
619	48
591	532
740	71
81	250
358	291
200	367
446	632
94	328
524	591
163	436
742	298
107	522
233	578
2	415
23	88
529	398
681	712
480	309
620	30
200	472
348	278
492	50
440	375
165	719
331	50
37	219
262	50
566	190
186	463
72	421
64	716
238	522
353	677
579	490
69	232
279	501
131	121
396	669
70	58
696	647
38	208
692	274
38	509
207	497
666	212
21	520
633	426
146	245
115	56
104	629
141	125
296	477
635	97
26	736
721	398
448	305
608	62
549	430
409	72
459	75
653	435
126	334
104	387
275	221
393	183
88	235
24	552
738	677
693	394
668	612
369	462
358	463
706	348
280	44
301	737
651	72
743	402
194	188
187	466
657	349
312	119
260	480
551	596
593	257
223	323
10	746
177	260
212	446
301	561
483	212
673	144
503	592
197	77
750	470
571	516
58	328
90	231
691	210
584	420
85	22
99	3
192	303
26	417
31	669
52	222
726	324
186	306
698	742
743	747
315	383
746	168
21	153
39	284
494	698
646	331
193	26
296	742
477	137
225	84
616	453
92	170
151	153
11	522
142	54
575	481
742	208
568	609
361	626
281	711
105	682
237	609
20	33
434	194
379	675
382	463
454	138
577	538
711	393
427	230
4	698
265	237
235	513
228	429
487	507
293	206
35	277
184	23
322	515
139	82
471	398
146	333
401	165
355	598
224	101
96	478
6	663
672	157
80	393
482	716
444	97
214	699
280	645
36	652
742	525
278	702
643	567
554	681
547	424
697	255
342	407
505	602
727	666
554	165
423	533
180	447
438	360
320	673
148	381
174	560
618	631
403	615
95	320
291	650
107	376
303	707
601	577
593	417
388	156
668	722
227	161
191	205
590	720
511	731
390	469
664	382
177	698
14	444
469	734
316	2
741	289
385	425
403	574
219	59
495	204
80	528
123	275
628	520
128	524
10	281
312	148
730	697
622	646
211	458
723	338
414	356
226	124
575	731
215	307
611	190
637	437
200	39
570	314
241	326
340	578
223	98
302	72
67	229
696	237
737	369
198	415
198	321
428	450
658	57
88	546
639	263
341	189
395	642
618	345
124	316
329	317
533	217
578	50
675	65
654	236
718	420
738	344
503	30
700	584
37	642
437	155
390	164
288	189
593	191
273	211
270	103
102	475
276	468
345	258
715	400
259	350
683	599
76	291
441	385
426	373
611	512
80	72
2	489
293	228
359	638
253	660
520	379
279	698
504	431
592	573
366	60
628	435
55	709
299	50
264	597
562	194
727	470
377	313
470	164
245	96
63	292
699	194
401	91
54	449
211	84
276	502
407	166
397	621
8	207
109	332
287	281
154	257
707	180
473	412
476	5
294	570
148	670
93	172
486	445
174	630
306	192
30	117
725	487
368	394
476	712
556	127
102	539
175	480
623	156
89	250
603	288
293	598
99	563
668	698
710	591
531	568
303	382
469	151
226	520
162	67
422	488
366	697
81	118
130	563
12	693
413	123
623	741
719	340
69	744
633	560
318	624
213	622
181	494
238	533
291	91
569	3
398	231
443	600
190	274
468	205
469	335
628	107
561	92
353	174
292	745
199	63
165	699
258	552
298	539
66	512
435	518
151	410
136	72
331	90
405	314
291	462
591	101
86	440
260	404
253	454
349	425
98	127
596	365
72	638
563	283
724	378
596	147
221	298
562	534
730	48
76	560
518	5
492	490
530	650
589	506
730	429
8	90
321	235
650	221
545	149
333	737
512	46
501	660
645	82
309	651
338	287
81	3
725	130
231	382
222	474
298	112
629	262
231	566
585	355
266	140
712	228
190	161
643	578
327	63
493	102
727	411
86	446
72	70
723	213
441	210
249	421
130	251
390	610
467	645
291	645
596	153
528	736
341	398
75	276
472	384
603	199
366	592
240	280
274	434
102	385
475	255
197	375
532	557
150	428
78	109
492	510
667	225
600	257
233	648
500	287
35	601
35	136
695	230
115	651
425	229
208	613
303	567
694	424
641	141
546	234
104	523
613	699
208	536
141	674
256	131
234	288
307	591
8	255
317	260
673	409
230	624
197	355
665	537
18	231
240	1
655	603
483	278
41	615
306	510
632	747
113	458
479	289
563	742
368	590
155	389
84	249
530	633
153	732
318	363
250	636
429	705
644	441
7	258
180	603
113	192
317	31
123	553
669	451
353	376
517	559
263	325
39	708
740	249
678	272
359	68
522	671
433	329
546	699
737	200
135	735
379	216
306	107
17	57
40	212
661	641
547	77
592	593
179	25
361	703
57	738
440	684
245	645
400	242
302	716
364	334
609	192
455	236
309	1
350	520
70	56
658	492
416	541
652	624
138	622
558	143
387	13
655	97
509	443
137	184
683	22
703	39
340	121
712	481
121	230
118	697
351	206
392	359
508	185
261	511
511	536
533	183
516	738
556	117
549	550
735	734
296	15
440	717
110	147
5	608
167	12
181	653
245	399
19	703
663	234
348	198
46	731
230	579
117	595
742	219
42	657
71	384
660	161
447	14
367	20
115	46
317	245
532	286
218	609
466	179
485	309
687	120
469	745
594	564
128	310
741	596
165	457
387	581
165	146
385	4
598	345
197	514
157	76
319	301
158	580
282	163
424	631
61	222
227	282
550	476
355	347
725	153
407	95
239	608
460	234
645	72
655	721
529	137
499	192
328	681
287	327
496	99
442	350
5	165
276	340
127	643
467	569
44	421
429	576
155	433
647	230
141	740
132	137
691	3
104	85
446	345
76	201
640	394
75	419
573	158
108	154
575	662
741	163
535	115
60	215
524	245
260	579
179	700
443	263
498	734
660	600
175	548
238	214
584	244
92	173
78	97
565	327
357	98
654	732
230	505
50	241
540	666
39	282
2	387
497	598
693	52
331	291
206	300
240	31
748	683
117	61
76	257
620	161
224	720
278	633
202	220
328	648
489	742
705	243
461	43
718	339
345	159
345	342
706	392
275	609
113	58
556	164
489	40
393	127
168	717
48	404
740	234
349	26
584	591
397	451
254	685
77	212
462	711
107	338
612	449
309	106
571	202
114	697
168	2
677	226
16	677
255	555
387	438
614	321
545	42
128	702
248	332
235	579
56	546
54	119
351	674
94	175
697	381
303	445
52	172
349	412
43	21
33	268
166	18
646	196
353	539
334	617
188	171
672	36
288	381
397	114
601	90
611	108
232	657
341	226
465	346
46	562
597	227
29	744
732	234
15	289
226	596
197	691
475	653
352	362
704	99
413	341
521	587
269	670
623	730
297	41
605	111
682	671
550	683
609	93
85	500
694	626
532	91
669	49
48	305
135	286
44	726
65	623
667	89
198	659
687	389
39	336
545	621
498	273
628	256
369	472
412	209
172	482
392	266
505	67
80	451
701	700
638	499
323	116
187	750
720	339
245	522
670	707
83	157
362	500
373	740
243	203
204	545
594	423
425	498
432	674
120	737
181	283
251	700
474	156
417	496
492	707
379	515
370	501
611	488
600	99
229	576
664	386
589	463
33	742
459	26
698	597
716	580
198	121
228	260
29	454
607	628
197	290
105	381
620	108
607	621
249	665
168	287
314	6
442	501
548	210
184	349
146	125
238	665
19	298
331	449
556	85
368	432
361	260
36	595
513	158
564	481
653	629
264	109
719	439
635	187
441	335
372	750
289	27
309	545
601	352
575	232
313	322
262	36
201	279
488	551
313	407
7	559
454	681
29	699
651	384
527	237
57	394
406	30
273	648
530	214
234	384
703	78
713	615
383	98
435	298
385	715
609	381
518	506
509	661
532	72
608	90
646	739
508	364
551	334
650	341
383	504
85	488
442	531
222	123
514	471
261	286
681	90
662	265
59	336
474	366
126	196
636	654
345	723
746	271
661	225
577	145
649	596
666	71
351	689
477	349
144	199
476	198
586	338
657	690
47	448
76	289
656	638
366	521
630	172
310	389
62	227
728	586
48	449
76	316
508	183
395	265
233	294
193	634
581	154
610	553
383	31
684	700
115	556
587	640
640	126
393	345
554	572
466	668
667	486
8	351
260	716
561	36
675	721
565	613
672	682
300	710
71	20
56	286
224	332
43	652
421	305
290	548
547	160
311	154
68	552
729	441
435	585
319	304
270	616
677	353
357	591
679	59
650	691
107	161
4	197
189	491
286	730
202	596
190	348
360	695
139	433
581	745
59	594
634	254
652	541
280	490
485	340
605	54
597	125
548	75
643	326
488	200
224	233
24	514
410	655
147	392
346	438
120	436
549	290
155	408
355	516
251	12
409	427
674	98
113	93
510	339
550	238
708	526
49	332
141	555
529	274
291	280
144	743
700	669
36	3
732	252
524	552
34	567
576	550
721	420
267	355
120	665
701	512
23	113
357	574
128	595
404	471
549	64
596	91
20	162
289	556
355	298
678	742
63	562
539	431
231	67
289	604
206	107
47	23
392	493
200	53
333	186
566	310
721	163
545	568
22	227
464	525
458	49
308	262
288	252
610	34
483	743
515	664
700	100
18	448
641	308
182	745
502	524
451	566
548	375
656	405
79	410
519	705
96	221
631	90
602	37
637	324
506	375
172	106
557	58
561	91
426	193
367	73
652	609
208	662
450	355
11	558
27	227
542	686
415	128
580	18
680	701
316	58
201	737
747	566
692	638
201	592
639	171
38	71
449	360
280	89
239	177
250	549
709	215
663	693
161	164
354	120
639	738
705	533
112	564
405	279
747	294
592	220
222	563
228	599
610	319
448	494
331	183
432	669
297	391
68	102
732	354
619	134
738	92
493	311
360	141
284	102
729	322
397	448
702	518
422	385
581	9
130	245
98	266
199	3
653	44
527	244
310	537
323	491
748	425
650	20
569	616
312	92
288	205
328	602
367	347
568	53
64	182
624	715
321	169
190	114
104	11
554	338
366	597
712	383
517	213
652	300
208	82
62	429
313	110
299	520
668	293
144	696
624	605
161	176
219	421
32	526
251	277
405	316
299	710
270	35
352	123
85	277
686	609
453	566
58	136
258	406
195	730
167	224
131	420
388	702
31	441
289	325
106	696
196	265
528	693
383	703
520	83
501	324
493	699
496	659
699	732
598	23
437	102
79	565
743	458
522	470
518	499
74	321
49	371
199	151
233	664
461	354
366	401
503	494
633	257
700	717
341	722
14	675
672	122
31	360
711	169
246	301
81	136
314	143
512	138
553	381
554	481
346	686
385	627
68	8
14	445
701	314
499	79
727	115
353	114
233	626
22	671
128	104
307	289
241	315
80	413
37	643
14	516
82	62
248	134
597	557
350	101
303	613
736	172
359	98
200	434
12	383
706	463
407	204
456	68
127	122
163	739
449	447
16	453
410	129
162	531
433	614
597	32
726	18
207	589
64	508
569	136
365	540
114	724
423	563
699	350
579	384
408	189
639	54
307	743
219	722
358	280
654	174
742	87
134	9
106	55
662	616
574	220
294	686
100	397
258	447
669	96
138	18
192	477
401	133
134	572
417	505
613	475
256	566
598	119
559	472
421	737
320	143
712	297
719	350
622	83
320	238
123	84
51	236
319	536
12	589
395	594
502	379
489	22
221	595
731	467
669	119
512	365
202	62
653	209
147	366
674	353
100	375
590	90
245	281
413	32
134	5
513	671
181	557
641	60
29	260
42	54
238	580
198	83
158	267
596	96
620	650
746	424
222	23
68	533
326	688
605	538
736	441
231	42
169	197
156	85
480	539
262	46
94	222
694	162
681	260
527	198
343	42
45	441
92	188
643	218
127	389
492	446
533	291
24	232
475	52
481	692
654	562
283	47
614	616
479	138
70	68
582	416
351	470
151	167
608	255
616	647
558	636
729	492
123	288
687	26
381	668
19	451
80	149
147	197
187	470
638	123
750	40
5	400
248	510
121	109
492	241
584	202
659	54
293	295
505	152
704	53
428	34
232	502
233	692
610	653
393	53
39	607
390	79
359	318
496	526
598	54
534	165
6	625
111	343
536	380
367	47
412	523
550	372
587	241
23	667
598	174
68	390
25	122
24	594
309	646
26	614
276	349
19	506
283	580
499	557
233	209
293	38
470	113
364	442
502	483
596	417
616	36
405	229
21	511
458	51
612	695
558	466
392	656
434	262
665	398
290	700
622	272
217	510
67	440
727	120
434	245
413	392
391	343
489	154
131	374
316	87
591	302
642	353
365	550
685	525
265	693
580	256
43	714
654	571
335	481
412	30
584	108
30	485
562	378
452	603
230	685
332	426
402	327
151	572
162	298
83	385
615	498
361	299
479	276
264	527
534	264
68	158
390	483
371	62
697	514
326	321
277	728
421	656
252	298
462	699
77	57
748	107
643	316
430	331
295	656
118	341
383	7
385	652
588	207
405	635
664	624
3	22
278	287
12	499
35	239
592	586
59	735
416	385
282	53
82	476
583	225
713	339
384	305
140	697
748	78
527	158
550	386
444	184
453	52
701	523
425	652
317	89
681	452
330	284
9	529
191	538
349	102
218	320
90	134
170	642
419	55
332	527
383	681
642	81
310	401
286	604
461	250
470	698
320	447
378	712
336	733
49	588
146	562
273	640
501	228
260	96
429	1
507	192
140	30
24	270
207	315
649	725
170	499
687	87
223	638
35	38
310	138
312	226
279	326
438	729
597	72
681	320
720	390
420	39
552	186
673	552
463	53
95	215
527	89
638	46
721	377
609	272
181	11
232	684
114	165
117	264
585	613
574	130
156	331
639	655
290	225
241	151
417	682
79	350
595	304
44	353
360	362
463	166
396	125
522	416
664	113
23	444
478	739
559	283
315	427
138	133
640	349
371	508
530	399
259	404
357	121
230	628
206	278
318	384
591	89
134	294
275	63
258	541
651	359
162	176
304	734
129	621
128	456
632	313
584	180
88	688
257	529
330	601
483	268
421	95
446	593
375	333
660	75
630	62
672	296
288	731
70	328
348	428
385	672
368	173
62	44
147	300
651	159
281	560
111	121
154	547
510	229
68	749
574	173
518	425
713	1
487	390
246	295
349	210
475	95
489	84
630	528
591	83
246	553
329	560
6	180
441	431
96	108
143	217
251	586
606	734
411	709
440	400
464	664
615	458
218	673
204	229
310	450
534	634
715	661
629	642
53	609
569	344
526	612
661	403
65	565
728	622
267	252
523	382
355	57
240	319
54	394
464	294
116	608
124	47
628	366
192	154
590	198
700	141
651	152
394	495
737	590
610	173
10	77
527	265
258	632
228	133
225	457
528	452
61	424
206	49
689	715
83	122
554	629
429	46
259	248
454	406
494	45
374	560
738	365
2	212
16	497
564	723
463	469
403	305
631	579
610	148
495	648
364	620
179	358
589	745
154	164
592	412
200	45
555	232
526	349
169	236
259	249
435	247
223	510
614	43
453	241
336	142
604	273
273	376
56	574
535	352
170	406
79	546
719	324
662	254
632	592
114	477
312	300
116	84
553	696
93	675
423	72
567	82
363	38
345	680
239	237
583	721
218	203
746	305
253	70
609	376
408	518
716	621
328	704
199	251
384	80
503	464
338	214
235	649
497	412
619	286
132	451
698	456
580	692
690	10
366	215
627	334
324	446
659	258
353	706
629	284
138	184
276	149
711	81
463	272
661	351
730	250
166	596
24	511
399	163
98	123
462	427
741	108
531	401
732	423
689	357
367	536
671	200
388	385
608	660
578	372
487	668
453	199
311	723
408	86
178	176
493	303
254	512
227	442
500	658
210	723
143	248
706	705
450	602
628	267
162	520
400	87
642	16
154	30
306	109
190	696
638	464
279	352
385	521
143	54
595	513
730	369
50	331
2	546
232	43
230	149
746	344
175	587
433	142
30	171
189	138
72	703
283	399
382	506
551	354
202	514
650	590
135	695
217	395
100	643
71	367
677	397
222	570
472	27
508	598
552	525
181	8
206	451
335	205
440	404
263	737
640	260
603	151
409	262
530	739
425	540
338	489
628	439
571	10
660	244
124	250
671	178
388	611
74	461
209	132
553	79
727	154
504	589
438	130
478	267
555	504
549	476
709	459
337	389
54	673
640	732
551	185
79	144
515	499
121	458
255	539
117	655
356	38
446	252
651	526
399	300
134	86
589	304
473	554
114	532
137	528
271	468
115	716
367	602
487	628
506	414
181	472
438	341
168	339
275	736
389	313
304	715
566	231
651	485
226	172
356	476
107	673
728	528
372	535
164	136
266	265
349	603
707	736
604	75
459	242
636	699
324	717
345	351
734	298
362	159
668	742
735	124
34	519
3	560
696	564
545	50
543	599
72	524
471	354
371	183
683	165
401	712
240	527
606	122
617	400
584	525
540	171
148	306
424	525
625	414
311	134
602	196
264	383
543	479
116	721
259	185
210	562
467	194
9	352
750	533
177	595
221	71
287	664
243	139
511	302
318	180
511	613
188	302
155	178
399	97
520	54
344	216
61	472
687	1
539	608
12	357
27	412
112	332
130	428
388	546
192	254
354	18
150	124
567	424
566	55
270	332
100	514
625	24
62	129
129	198
491	7
43	457
642	634
735	300
692	371
614	228
37	120
144	729
341	163
241	73
155	473
228	713
294	560
144	190
554	81
71	716
613	748
489	12
389	501
467	30
741	545
255	59
428	476
396	597
676	67
20	147
512	442
643	45
130	515
279	387
589	560
326	243
327	55
383	697
743	125
520	705
573	219
229	748
218	583
96	575
610	688
261	723
557	669
584	554
689	25
384	32
460	234
83	450
208	369
93	661
651	549
100	83
255	339
419	536
336	155
342	331
348	538
363	28
113	251
686	424
109	126
583	394
379	430
268	311
619	596
51	18
199	37
12	324
34	539
475	573
427	516
570	461
748	69
220	129
560	443
388	115
735	606
400	544
26	646
720	163
481	117
599	615
510	422
745	542
82	602
63	122
382	321
45	416
214	671
5	725
726	386
294	318
672	165
456	104
709	696
275	677
357	454
146	630
737	234
70	205
389	451
82	380
18	397
89	258
687	593
105	93
224	392
277	340
333	108
586	165
241	231
220	744
262	600
119	734
459	76
30	311
69	255
117	455
426	635
508	316
453	516
361	270
571	64
484	155
371	503
454	724
545	34
182	301
34	416
2	242
234	377
703	1
425	56
589	424
372	176
234	658
31	237
319	205
697	528
366	330
591	673
661	317
739	361
297	369
132	20
637	122
103	266
433	20
619	568
686	625
706	112
456	323
293	543
313	351
703	381
335	406
382	104
613	473
628	467
9	86
596	57
731	604
365	736
387	234
154	647
420	428
424	171
177	314
706	102
408	430
737	682
433	225
262	132
495	243
460	563
459	546
534	366
178	635
66	600
325	225
610	357
698	713
77	689
448	504
340	458
41	185
645	557
577	437
466	243
209	221
529	611
11	390
119	692
80	386
51	438
266	101
521	58
472	111
137	319
621	216
278	122
634	675
401	447
500	121
136	61
567	342
296	679
491	201
74	470
681	730
450	743
111	166
666	68
700	86
265	198
627	65
685	122
322	378
332	629
82	631
171	409
335	250
135	747
24	310
485	477
267	16
690	242
553	292
689	577
224	277
728	349
191	512
405	524
182	494
418	700
350	343
337	719
351	735
215	125
228	368
302	514
608	206
274	550
359	304
29	427
387	714
626	26
456	524
513	196
750	82
682	595
88	601
38	41
679	419
134	305
116	500
208	323
246	301
475	714
391	188
530	359
680	250
518	89
377	498
334	608
335	434
531	189
176	185
503	366
406	436
700	227
665	562
511	228
18	65
695	439
566	62
27	290
416	647
617	291
453	684
656	524
417	194
693	108
687	226
461	517
559	348
299	509
221	290
727	661
254	307
253	409
685	289
460	382
85	623
308	64
134	51
78	218
19	114
242	407
118	39
741	355
660	27
388	24
326	79
53	363
227	307
669	284
405	337
300	302
521	654
66	210
537	114
46	284
262	19
138	708
599	502
408	468
107	347
73	254
546	686
615	628
188	411
716	631
621	529
592	442
385	537
452	327
241	186
179	560
573	680
650	494
147	601
515	372
659	531
434	269
484	398
357	719
211	436
700	528
728	571
247	376
330	522
410	745
649	601
272	438
24	449
656	417
237	152
273	69
566	269
607	272
620	637
743	53
179	357
45	394
45	422
334	189
742	727
591	612
129	385
681	246
415	170
245	21
430	446
261	474
545	556
2	515
346	212
601	508
676	38
387	252
102	442
259	497
604	98
474	155
197	723
608	569
646	608
474	734
487	422
495	93
478	504
215	224
59	733
13	395
740	692
739	632
299	323
330	622
333	107
457	217
78	301
655	231
324	635
90	637
188	462
376	734
536	426
418	693
148	727
750	593
560	477
373	250
60	102
706	91
528	204
506	118
206	55
620	2
146	23
88	545
58	588
400	207
26	148
374	13
650	544
48	329
413	382
332	134
532	703
86	712
611	430
639	368
299	239
408	532
242	365
249	325
264	739
166	373
377	212
586	116
368	325
636	343
501	230
228	512
118	702
343	224
460	10
180	298
156	564
103	504
68	644
300	589
631	258
627	342
446	292
82	745
38	48
474	373
140	322
6	694
94	725
35	338
439	40
528	258
649	28
152	744
629	350
648	217
193	78
122	230
391	483
91	363
744	360
600	295
416	3
551	311
682	134
706	308
332	360
263	178
370	486
388	121
438	93
570	457
674	479
267	691
502	594
167	365
37	247
526	698
267	273
669	98
578	65
724	418
542	203
455	468
15	511
335	629
406	10
457	361
104	699
257	301
28	422
107	167
567	365
676	179
363	397
54	689
681	673
384	18
261	213
299	562
341	178
643	316
334	118
560	389
614	389
540	502
560	244
81	14
740	345
178	387
573	318
161	362
620	202
479	643
54	305
151	156
48	80
677	91
522	250
157	608
581	709
242	710
479	218
529	240
333	289
382	528
40	12
427	682
186	446
485	476
303	374
192	252
103	13
482	72
364	210
363	50
458	420
463	129
69	528
216	741
303	47
96	86
659	648
224	689
2	623
585	370
460	512
246	396
72	633
630	699
442	405
50	721
570	159
305	716
591	623
553	105
28	313
37	519
133	709
595	319
175	333
634	164
608	147
476	43
243	213
597	299
513	715
147	319
386	82
185	113
213	688
704	483
600	560
303	167
218	341
457	554
414	731
741	80
627	374
422	571
495	100
508	483
717	541
743	714
711	46
233	484
476	572
750	173
167	72
285	451
150	297
727	448
333	181
91	669
499	20
668	241
7	386
418	95
70	212
497	362
549	468
194	700
22	240
678	96
426	310
621	388
285	244
132	468
295	325
637	233
392	242
687	738
716	21
118	560
140	75
71	524
686	586
256	149
322	722
665	101
27	9
164	385
195	153
537	372
309	440
44	312
345	102
445	706
472	74
293	668
297	38
128	513
18	19
520	547
488	276
568	288
7	453
291	367
469	126
50	221
334	377
278	479
20	646
635	455
207	609
585	545
528	58
341	491
401	120
679	657
24	439
117	622
314	343
143	289
317	698
420	344
266	55
53	111
280	196
536	385
617	319
192	622
493	337
696	266
132	14
157	629
408	456
278	444
405	328
238	354
436	376
183	589
674	738
477	309
601	181
31	237
447	66
654	315
335	532
204	20
269	395
321	606
687	541
68	548
596	6
188	345
653	275
202	348
500	709
679	405
614	544
100	96
244	730
368	686
120	134
350	294
272	98
342	746
98	736
59	750
159	4
12	511
627	580
366	197
354	181
630	100
122	264
98	728
176	313
356	275
593	35
372	389
744	60
614	391
172	56
364	125
10	142
34	735
542	485
623	393
141	679
180	217
535	619
110	181
271	195
695	14
154	53
636	640
183	10
181	551
36	60
358	333
261	214
80	356
406	397
745	397
395	356
579	457
501	451
207	451
686	595
186	66
406	750
349	613
326	338
127	272
727	163
598	498
182	235
408	112
595	319
292	170
477	86
155	488
259	293
633	53
445	505
383	670
509	97
485	689
684	159
14	503
248	28
247	665
296	234
435	262
571	614
24	275
506	42
340	694
628	40
408	570
30	199
501	203
536	418
541	458
59	358
53	302
76	244
385	122
284	29
34	162
478	348
367	328
211	148
379	38
243	274
359	87
533	139
583	659
160	726
740	616
350	683
498	229
585	628
200	158
8	638
40	26
597	471
629	98
19	273
239	452
558	551
236	192
481	384
246	668
560	577
726	667
46	683
335	28
87	252
749	268
361	743
351	296
682	742
14	324
645	473
543	185
229	583
379	416
248	75
184	36
322	287
162	459
707	646
57	544
301	42
112	486
433	690
464	571
176	478
748	692
238	735
155	346
477	529
47	175
98	548
265	736
586	356
555	351
64	508
164	727
639	64
718	266
630	195
15	498
47	225
1	745
326	178
453	436
171	552
466	618
658	20
198	386
23	252
696	672
254	557
485	235
110	575
401	300
153	172
494	383
38	369
223	578
373	228
291	270
466	434
1	702
300	572
91	134
225	266
593	625
145	111
121	88
242	90
546	728
568	525
474	73
489	56
671	230
533	313
75	652
695	273
596	525
747	372
357	690
90	408
61	640
305	164
411	315
475	104
337	400
272	231
557	119
297	550
505	532
436	735
104	334
227	639
451	450
405	89
122	312
252	307
276	203
28	589
57	470
648	704
433	571
483	198
738	615
348	558
162	317
659	194
336	658
46	652
621	711
162	205
132	489
721	424
428	677
687	420
202	58
418	8
449	459
338	388
151	341
542	519
655	524
11	505
691	347
139	716
746	653
724	552
492	189
631	254
44	254
312	191
242	421
330	564
362	520
197	584
9	531
214	441
444	433
662	133
695	634
365	397
185	667
131	123
734	306
168	461
583	54
67	725
327	665
44	2
669	626
392	730
710	485
461	323
73	200
600	432
612	235
712	603
466	353
649	509
637	245
323	645
17	169
309	695
701	419
205	147
620	69
11	260
65	57
355	479
316	139
567	355
747	524
619	730
690	699
628	69
57	401
354	84
486	696
486	388
487	718
460	730
639	36
463	353
142	285
142	326
550	646
65	14
449	49
734	365
254	503
119	45
332	545
356	590
676	288
317	471
126	227
281	228
688	187
264	411
424	298
471	28
696	630
534	228
338	462
82	346
34	750
472	288
112	442
310	400
316	126
208	215
209	652
568	52
123	143
498	299
576	195
35	592
68	627
386	398
175	67
474	138
101	144
482	655
570	468
336	96
597	133
700	664
215	737
460	209
229	111
737	514
26	728
489	503
79	445
479	565
580	620
47	253
441	681
359	628
655	625
3	258
422	587
650	654
491	20
691	12
536	445
385	86
543	397
66	137
164	490
523	68
748	686
710	75
110	696
482	738
593	243
284	202
83	176
102	1
181	48
475	270
88	536
559	574
377	440
12	682
513	712
514	342
669	422
261	285
115	686
324	563
487	308
570	330
473	263
711	374
497	184
32	546
317	341
510	236
66	538
463	501
543	592
626	446
243	399
127	671
477	371
460	311
177	382
506	709
674	218
224	660
397	344
225	377
531	110
549	491
535	713
38	133
706	110
650	641
156	286
703	180
447	282
388	137
295	143
120	698
291	471
84	39
628	49
209	288
610	359
502	141
351	127
663	72
323	655
13	124
528	399
522	12
55	499
301	433
626	644
554	240
96	271
68	210
449	478
310	302
510	150
461	654
122	612
545	215
649	361
244	93
284	73
165	136
722	122
110	372
515	231
201	370
660	131
627	502
586	75
385	144
15	382
701	594
662	643
53	200
484	237
196	431
284	690
678	577
199	472
240	721
283	310
309	589
376	741
152	656
505	175
480	278
274	540
601	702
242	132
700	261
1	167
338	377
456	601
542	123
188	570
643	246
224	664
587	188
210	140
271	230
484	113
289	265
415	474
695	638
629	298
323	639
427	666
205	451
531	285
617	390
671	576
154	689
310	256
219	511
70	582
301	425
677	273
12	407
588	261
381	293
419	684
156	161
579	507
195	41
68	663
67	639
33	98
157	613
683	339
601	205
367	617
415	296
328	400
683	208
514	331
340	546
476	113
576	556
735	225
143	92
170	504
601	706
296	221
263	107
620	704
158	95
176	396
383	423
642	300
657	414
673	564
168	118
63	400
628	8
606	281
172	746
286	11
737	497
364	184
360	663
358	518
707	479
106	101
193	140
88	679
343	704
121	649
537	249
564	180
203	141
367	268
626	494
223	305
731	126
249	532
567	341
438	633
712	549
142	215
379	143
730	396
173	443
96	131
326	266
717	252
237	698
692	491
283	364
456	716
680	369
566	721
40	179
633	710
160	347
50	614
588	191
8	110
499	436
177	635
428	87
640	679
238	384
291	435
171	708
538	389
185	524
228	336
342	346
93	725
633	321
633	568
200	387
440	69
606	426
127	514
68	531
149	275
663	217
473	172
544	559
579	202
424	73
689	146
608	220
545	382
519	50
208	616
82	328
240	653
730	193
681	218
131	495
536	127
81	495
155	149
688	678
429	269
512	245
653	680
110	385
723	628
44	662
63	278
155	145
574	268
334	165
470	118
690	382
725	155
131	242
150	437
140	152
687	119
635	13
661	354
102	144
628	196
256	509
428	632
400	611
432	273
308	270
434	56
288	227
335	300
556	337
207	390
81	133
56	201
300	581
210	613
368	84
304	399
611	622
643	287
2	159
219	79
580	440
312	691
362	699
548	391
366	676
668	557
495	210
586	625
299	637
149	291
252	145
277	561
428	420
290	196
456	225
134	166
46	166
739	702
368	634
711	266
12	200
470	189
352	308
652	734
477	537
623	607
629	415
10	169
82	53
716	482
456	233
583	21
642	226
124	333
553	74
430	739
230	75
310	140
137	74
457	380
427	269
646	411
294	468
89	51
258	634
56	247
272	428
299	221
160	373
548	238
462	666
702	316
359	497
565	473
229	445
324	322
30	656
292	215
672	487
152	658
105	490
157	347
348	621
434	702
679	176
692	223
67	431
626	656
331	147
516	40
714	156
198	281
389	438
376	352
302	321
460	95
216	176
453	433
341	241
240	424
105	265
408	26
685	368
542	649
323	414
230	296
230	599
160	561
231	242
87	262
207	606
445	112
327	328
77	544
726	416
228	414
641	433
466	717
587	394
358	453
272	218
172	391
601	575
73	227
534	724
264	706
211	612
681	4
483	94
103	669
536	699
594	292
294	79
313	473
528	19
408	560
452	109
408	407
638	215
41	408
601	649
470	547
137	94
175	299
456	315
226	340
450	63
736	362
714	228
706	378
96	636
511	301
199	259
154	428
34	523
459	545
18	251
343	566
499	315
465	81
280	457
59	544
732	702
537	77
86	94
467	206
668	298
368	565
626	56
426	283
199	367
198	559
698	307
85	723
497	560
166	646
733	125
748	427
586	295
293	318
40	565
240	170
490	397
153	18
133	370
724	358
135	111
530	82
291	232
138	214
115	731
740	401
213	478
497	369
349	592
733	649
148	738
426	476
745	436
118	207
731	662
505	430
382	77
666	21
287	517
259	134
25	749
284	502
116	651
370	550
6	726
248	419
741	689
305	139
362	436
374	125
375	464
7	228
580	348
460	95
214	235
577	593
223	299
545	123
131	261
558	193
502	56
266	156
264	265
204	586
74	639
588	637
149	532
281	229
410	9
18	621
359	29
420	135
749	18
568	602
148	472
238	288
399	725
50	466
362	690
720	735
504	406
26	655
318	116
712	401
139	618
258	730
15	379
179	395
63	292
275	199
451	218
178	268
461	698
60	5
730	118
735	472
117	713
198	636
745	121
469	122
317	523
729	139
346	577
398	63
21	709
62	666
604	266
154	300
242	144
516	141
184	655
321	337
376	510
171	664
17	9
551	336
734	638
708	405
454	109
662	645
483	348
521	714
62	699
65	616
142	28
645	164
392	291
73	407
231	264
1	671
560	184
706	528
329	473
28	550
708	90
66	567
278	450
731	750
237	519
600	273
634	611
595	559
206	650
419	376
662	57
8	455
737	218
606	617
687	66
141	323
346	711
35	747
638	90
248	654
23	705
583	106
720	117
708	28
365	556
50	193
567	557
661	391
424	154
133	723
365	497
300	558
24	580
518	554
249	528
719	174
59	500
501	10
282	628
655	712
48	214
155	385
450	437
255	523
711	68
223	261
91	551
543	649
393	96
475	427
60	347
155	688
541	709
241	408
304	406
565	420
164	102
313	685
404	558
509	561
501	541
258	18
350	676
132	305
231	75
695	641
266	648
672	313
685	602
524	35
509	61
90	319
365	599
86	385
545	444
325	119
428	194
677	23
154	261
219	556
139	107
263	588
329	725
68	451
21	269
531	378
745	45
509	548
169	522
3	333
560	721
553	93
39	481
125	164
744	729
157	446
666	83
126	574
454	45
508	445
593	382
579	522
189	506
138	190
67	45
161	16
617	670
152	571
432	122
392	329
712	741
427	707
355	653
288	717
628	514
513	19
167	240
659	365
525	127
625	463
329	246
392	82
428	256
632	666
289	524
434	113
43	244
296	324
566	452
271	641
741	91
607	737
631	381
331	532
685	170
230	324
132	614
1	371
679	96
487	364
227	491
94	590
436	477
465	73
750	499
284	653
336	712
198	239
191	193
347	267
714	287
255	474
593	583
286	37
178	371
383	59
340	408
483	202
339	615
