1	2
2	3
3	4
4	5
5	6
6	7
7	8
8	9
9	10
10	11
11	12
12	13
13	14
14	15
15	16
16	17
17	18
18	19
19	20
20	21
21	22
22	23
23	24
24	25
25	26
26	27
27	28
28	29
29	30
30	31
31	32
32	33
33	34
34	35
35	36
36	37
37	38
38	39
39	40
40	41
41	42
42	43
43	44
44	45
45	46
46	47
47	48
48	49
49	50
50	51
51	52
52	53
53	54
54	55
55	56
56	57
57	58
58	59
59	60
60	61
61	62
62	63
63	64
64	65
65	66
66	67
67	68
68	69
69	70
70	71
71	72
72	73
73	74
74	75
75	76
76	77
77	78
78	79
79	80
80	81
81	82
82	83
83	84
84	85
85	86
86	87
87	88
88	89
89	90
90	91
91	92
92	93
93	94
94	95
95	96
96	97
97	98
98	99
99	100
100	101
101	102
102	103
103	104
104	105
105	106
106	107
107	108
108	109
109	110
110	111
111	112
112	113
113	114
114	115
115	116
116	117
117	118
118	119
119	120
120	121
121	122
122	123
123	124
124	125
125	126
126	127
127	128
128	129
129	130
130	131
131	132
132	133
133	134
134	135
135	136
136	137
137	138
138	139
139	140
140	141
141	142
142	143
143	144
144	145
145	146
146	147
147	148
148	149
149	150
150	151
151	152
152	153
153	154
154	155
155	156
156	157
157	158
158	159
159	160
160	161
161	162
162	163
163	164
164	165
165	166
166	167
167	168
168	169
169	170
170	171
171	172
172	173
173	174
174	175
175	176
176	177
177	178
178	179
179	180
180	181
181	182
182	183
183	184
184	185
185	186
186	187
187	188
188	189
189	190
190	191
191	192
192	193
193	194
194	195
195	196
196	197
197	198
198	199
199	200
200	201
201	202
202	203
203	204
204	205
205	206
206	207
207	208
208	209
209	210
210	211
211	212
212	213
213	214
214	215
215	216
216	217
217	218
218	219
219	220
220	221
221	222
222	223
223	224
224	225
225	226
226	227
227	228
228	229
229	230
230	231
231	232
232	233
233	234
234	235
235	236
236	237
237	238
238	239
239	240
240	241
241	242
242	243
243	244
244	245
245	246
246	247
247	248
248	249
249	250
250	251
251	252
252	253
253	254
254	255
255	256
256	257
257	258
258	259
259	260
260	261
261	262
262	263
263	264
264	265
265	266
266	267
267	268
268	269
269	270
270	271
271	272
272	273
273	274
274	275
275	276
276	277
277	278
278	279
279	280
280	281
281	282
282	283
283	284
284	285
285	286
286	287
287	288
288	289
289	290
290	291
291	292
292	293
293	294
294	295
295	296
296	297
297	298
298	299
299	300
300	301
301	302
302	303
303	304
304	305
305	306
306	307
307	308
308	309
309	310
310	311
311	312
312	313
313	314
314	315
315	316
316	317
317	318
318	319
319	320
320	321
321	322
322	323
323	324
324	325
325	326
326	327
327	328
328	329
329	330
330	331
331	332
332	333
333	334
334	335
335	336
336	337
337	338
338	339
339	340
340	341
341	342
342	343
343	344
344	345
345	346
346	347
347	348
348	349
349	350
350	351
351	352
352	353
353	354
354	355
355	356
356	357
357	358
358	359
359	360
360	361
361	362
362	363
363	364
364	365
365	366
366	367
367	368
368	369
369	370
370	371
371	372
372	373
373	374
374	375
375	376
376	377
377	378
378	379
379	380
380	381
381	382
382	383
383	384
384	385
385	386
386	387
387	388
388	389
389	390
390	391
391	392
392	393
393	394
394	395
395	396
396	397
397	398
398	399
399	400
400	401
401	402
402	403
403	404
404	405
405	406
406	407
407	408
408	409
409	410
410	411
411	412
412	413
413	414
414	415
415	416
416	417
417	418
418	419
419	420
420	421
421	422
422	423
423	424
424	425
425	426
426	427
427	428
428	429
429	430
430	431
431	432
432	433
433	434
434	435
435	436
436	437
437	438
438	439
439	440
440	441
441	442
442	443
443	444
444	445
445	446
446	447
447	448
448	449
449	450
450	451
451	452
452	453
453	454
454	455
455	456
456	457
457	458
458	459
459	460
460	461
461	462
462	463
463	464
464	465
465	466
466	467
467	468
468	469
469	470
470	471
471	472
472	473
473	474
474	475
475	476
476	477
477	478
478	479
479	480
480	481
481	482
482	483
483	484
484	485
485	486
486	487
487	488
488	489
489	490
490	491
491	492
492	493
493	494
494	495
495	496
496	497
497	498
498	499
499	500
500	501
501	502
502	503
503	504
504	505
505	506
506	507
507	508
508	509
509	510
510	511
511	512
512	513
513	514
514	515
515	516
516	517
517	518
518	519
519	520
520	521
521	522
522	523
523	524
524	525
525	526
526	527
527	528
528	529
529	530
530	531
531	532
532	533
533	534
534	535
535	536
536	537
537	538
538	539
539	540
540	541
541	542
542	543
543	544
544	545
545	546
546	547
547	548
548	549
549	550
550	551
551	552
552	553
553	554
554	555
555	556
556	557
557	558
558	559
559	560
560	561
561	562
562	563
563	564
564	565
565	566
566	567
567	568
568	569
569	570
570	571
571	572
572	573
573	574
574	575
575	576
576	577
577	578
578	579
579	580
580	581
581	582
582	583
583	584
584	585
585	586
586	587
587	588
588	589
589	590
590	591
591	592
592	593
593	594
594	595
595	596
596	597
597	598
598	599
599	600
600	601
601	602
602	603
603	604
604	605
605	606
606	607
607	608
608	609
609	610
610	611
611	612
612	613
613	614
614	615
615	616
616	617
617	618
618	619
619	620
620	621
621	622
622	623
623	624
624	625
625	626
626	627
627	628
628	629
629	630
630	631
631	632
632	633
633	634
634	635
635	636
636	637
637	638
638	639
639	640
640	641
641	642
642	643
643	644
644	645
645	646
646	647
647	648
648	649
649	650
650	651
651	652
652	653
653	654
654	655
655	656
656	657
657	658
658	659
659	660
660	661
661	662
662	663
663	664
664	665
665	666
666	667
667	668
668	669
669	670
670	671
671	672
672	673
673	674
674	675
675	676
676	677
677	678
678	679
679	680
680	681
681	682
682	683
683	684
684	685
685	686
686	687
687	688
688	689
689	690
690	691
691	692
692	693
693	694
694	695
695	696
696	697
697	698
698	699
699	700
700	701
701	702
702	703
703	704
704	705
705	706
706	707
707	708
708	709
709	710
710	711
711	712
712	713
713	714
714	715
715	716
716	717
717	718
718	719
719	720
720	721
721	722
722	723
723	724
724	725
725	726
726	727
727	728
728	729
729	730
730	731
731	732
732	733
733	734
734	735
735	736
736	737
737	738
738	739
739	740
740	741
741	742
742	743
743	744
744	745
745	746
746	747
747	748
748	749
749	750
750	751
751	752
752	753
753	754
754	755
755	756
756	757
757	758
758	759
759	760
760	761
761	762
762	763
763	764
764	765
765	766
766	767
767	768
768	769
769	770
770	771
771	772
772	773
773	774
774	775
775	776
776	777
777	778
778	779
779	780
780	781
781	782
782	783
783	784
784	785
785	786
786	787
787	788
788	789
789	790
790	791
791	792
792	793
793	794
794	795
795	796
796	797
797	798
798	799
799	800
800	801
801	802
802	803
803	804
804	805
805	806
806	807
807	808
808	809
809	810
810	811
811	812
812	813
813	814
814	815
815	816
816	817
817	818
818	819
819	820
820	821
821	822
822	823
823	824
824	825
825	826
826	827
827	828
828	829
829	830
830	831
831	832
832	833
833	834
834	835
835	836
836	837
837	838
838	839
839	840
840	841
841	842
842	843
843	844
844	845
845	846
846	847
847	848
848	849
849	850
850	851
851	852
852	853
853	854
854	855
855	856
856	857
857	858
858	859
859	860
860	861
861	862
862	863
863	864
864	865
865	866
866	867
867	868
868	869
869	870
870	871
871	872
872	873
873	874
874	875
875	876
876	877
877	878
878	879
879	880
880	881
881	882
882	883
883	884
884	885
885	886
886	887
887	888
888	889
889	890
890	891
891	892
892	893
893	894
894	895
895	896
896	897
897	898
898	899
899	900
900	901
901	902
902	903
903	904
904	905
905	906
906	907
907	908
908	909
909	910
910	911
911	912
912	913
913	914
914	915
915	916
916	917
917	918
918	919
919	920
920	921
921	922
922	923
923	924
924	925
925	926
926	927
927	928
928	929
929	930
930	931
931	932
932	933
933	934
934	935
935	936
936	937
937	938
938	939
939	940
940	941
941	942
942	943
943	944
944	945
945	946
946	947
947	948
948	949
949	950
950	951
951	952
952	953
953	954
954	955
955	956
956	957
957	958
958	959
959	960
960	961
961	962
962	963
963	964
964	965
965	966
966	967
967	968
968	969
969	970
970	971
971	972
972	973
973	974
974	975
975	976
976	977
977	978
978	979
979	980
980	981
981	982
982	983
983	984
984	985
985	986
986	987
987	988
988	989
989	990
990	991
991	992
992	993
993	994
994	995
995	996
996	997
997	998
998	999
999	1000
776	237
938	21
205	186
329	682
754	209
142	687
108	159
171	824
205	275
806	820
629	70
33	39
311	326
88	470
861	916
349	169
907	44
351	792
239	418
289	187
669	907
90	468
246	110
215	779
39	699
974	434
201	77
873	946
966	714
925	715
631	817
732	755
130	431
508	534
641	56
467	555
607	166
20	590
546	594
780	511
538	717
6	728
603	262
708	581
653	887
944	478
487	307
246	279
846	551
978	352
6	113
384	991
93	790
253	118
456	814
51	893
908	899
682	106
682	936
567	456
897	254
382	119
216	714
1000	99
396	184
476	643
450	447
362	243
402	553
235	542
712	960
594	751
752	858
356	47
67	10
840	934
560	437
100	203
470	244
426	729
482	57
665	24
939	546
586	689
369	991
196	901
245	785
618	633
823	162
871	914
836	296
147	521
408	901
495	430
655	910
154	322
46	55
692	391
752	417
686	492
489	987
463	171
896	684
223	622
255	153
322	436
696	574
467	473
900	66
966	771
166	439
340	540
87	404
195	845
504	249
935	684
773	509
451	160
888	233
196	639
425	691
170	536
889	550
295	352
706	372
519	97
509	89
355	879
804	17
422	474
773	905
792	466
293	330
87	712
247	618
767	171
513	308
794	88
680	80
841	853
300	966
330	747
939	757
937	712
678	321
177	967
278	64
429	319
213	59
208	151
748	623
607	556
607	26
589	269
424	23
125	298
951	383
176	104
312	480
525	242
719	269
187	919
936	655
491	212
70	622
790	940
935	518
136	100
671	822
648	440
117	996
244	648
867	988
481	131
566	669
251	278
842	250
47	554
168	924
913	515
700	716
830	840
944	431
990	344
78	894
682	88
892	464
910	551
166	260
318	481
360	557
995	368
312	108
66	71
181	605
349	109
899	333
361	104
354	124
8	171
473	307
959	719
824	114
265	129
270	655
636	908
520	115
517	584
657	266
200	966
963	804
519	837
176	696
122	491
368	848
657	271
859	683
626	73
7	728
803	87
982	264
782	554
473	365
602	106
286	613
819	861
698	610
501	437
363	987
751	443
771	136
746	759
868	153
849	485
334	894
615	305
924	203
849	478
752	78
972	847
185	267
45	78
903	71
97	118
984	572
237	712
696	792
186	498
240	316
200	369
957	38
300	638
818	256
320	442
902	327
258	795
148	985
990	66
886	915
206	241
664	19
802	504
155	460
459	526
611	658
549	482
782	744
284	521
717	161
301	744
460	381
229	155
367	297
517	16
588	999
564	482
49	169
475	430
970	477
811	68
250	540
821	626
905	107
16	789
930	653
414	116
971	755
572	18
397	573
736	119
289	28
882	391
806	25
537	887
668	431
247	95
321	970
23	19
814	978
375	791
122	332
594	716
482	721
324	175
262	222
94	25
950	728
398	400
622	599
23	592
270	666
756	568
177	165
236	901
156	184
695	401
546	93
353	432
886	989
861	163
208	265
7	8
988	562
597	155
903	731
268	543
799	481
898	331
354	734
923	114
355	610
170	202
134	412
607	221
236	511
701	120
506	116
593	458
491	35
165	990
14	711
756	418
266	733
776	924
263	906
352	152
83	684
822	394
192	488
304	648
254	554
847	152
877	220
762	524
907	327
632	926
693	233
300	919
622	260
170	979
132	283
784	686
771	854
973	846
155	47
107	282
172	309
311	700
588	839
877	225
556	59
407	776
288	157
284	540
676	573
129	29
463	817
340	832
371	341
411	944
732	110
190	35
822	357
390	952
177	399
8	667
364	214
683	711
951	75
628	38
447	853
351	991
206	842
242	958
294	526
935	959
855	887
248	270
537	89
50	568
347	62
278	533
326	734
927	276
37	59
894	124
871	708
146	764
882	189
647	844
854	98
37	367
831	888
193	44
279	149
153	280
583	615
392	789
320	186
962	183
448	577
445	663
438	854
633	376
561	901
499	85
231	801
858	933
736	877
621	581
210	252
507	167
458	787
895	793
605	869
820	392
919	943
180	803
512	689
108	755
129	700
549	175
539	614
258	9
342	488
827	797
834	393
293	312
421	200
690	855
37	876
225	523
923	688
501	137
603	882
140	979
846	111
963	416
149	346
675	254
971	431
882	99
186	31
343	963
712	414
747	648
46	702
636	800
397	857
996	939
370	223
677	711
819	652
409	107
471	703
596	926
17	660
298	934
837	295
818	812
162	864
11	370
888	121
202	351
997	666
246	482
669	190
983	187
204	282
616	450
817	364
634	238
515	354
90	838
403	498
923	194
858	722
341	894
536	592
64	338
219	594
107	630
707	584
478	787
873	269
702	121
714	298
41	305
413	544
291	263
24	313
887	101
877	956
720	693
160	441
29	131
687	10
70	623
455	667
530	262
579	150
107	295
677	786
586	60
267	436
565	848
301	196
47	674
141	749
381	1
775	284
838	79
951	62
433	151
500	655
739	829
996	648
467	938
765	70
657	481
580	82
841	130
244	424
180	830
684	705
379	218
631	315
652	793
540	635
104	832
32	794
9	171
498	671
192	873
151	366
255	592
387	270
846	561
756	612
874	603
942	252
117	618
634	574
672	139
681	115
779	232
750	133
670	663
870	547
594	572
812	478
841	958
211	597
826	937
60	195
846	550
510	822
950	638
208	104
903	783
388	68
566	366
896	577
797	616
932	523
393	204
347	9
905	851
173	880
334	210
586	385
38	383
602	373
197	658
540	555
603	314
41	52
544	67
110	474
321	336
998	825
614	676
911	579
81	716
654	198
851	158
729	399
920	969
401	995
452	668
12	869
473	284
504	580
937	78
867	868
167	150
587	716
925	750
419	399
3	973
808	739
103	408
580	298
735	675
904	216
766	271
876	837
221	562
950	111
288	572
620	592
801	471
909	580
681	661
391	420
979	842
601	690
330	258
658	586
735	997
124	1
674	251
820	634
544	602
36	473
159	239
624	477
730	349
453	535
291	933
751	17
321	364
391	804
195	839
801	976
692	759
879	525
414	398
307	244
854	390
237	907
270	693
432	49
557	162
287	676
216	548
161	772
749	193
953	303
359	320
303	777
145	825
324	122
844	387
621	544
719	206
36	197
195	703
494	595
519	308
264	187
322	813
866	895
422	926
925	85
709	519
610	126
323	250
518	850
94	81
895	152
726	317
445	770
662	478
993	435
679	133
676	869
155	745
52	643
984	208
181	83
892	359
66	647
754	945
94	933
473	396
969	398
361	86
67	724
954	617
490	818
772	225
404	399
162	240
545	711
964	287
218	199
553	82
74	985
322	362
693	171
30	733
510	722
54	750
522	537
239	320
473	868
705	419
704	73
863	336
529	453
409	710
512	577
176	754
814	609
871	845
575	246
320	731
160	558
569	947
382	599
511	161
796	593
23	739
598	796
2	531
676	6
607	533
55	793
48	65
377	711
734	2
235	419
396	54
465	15
62	92
534	642
648	891
108	374
174	994
202	377
169	765
387	832
522	613
523	305
477	945
102	225
354	883
842	761
791	11
82	153
423	927
228	907
207	62
935	138
642	848
885	410
982	302
475	95
206	347
850	50
188	361
308	240
354	434
740	135
860	813
471	102
88	383
989	998
269	353
989	558
888	682
279	62
465	70
800	283
620	601
971	33
490	521
26	721
328	572
690	668
706	650
412	128
632	407
864	389
992	324
344	661
699	186
488	102
79	522
309	139
791	932
274	253
678	804
742	308
97	823
234	932
463	529
434	939
879	617
484	112
893	820
444	400
879	773
453	195
721	5
908	338
820	280
745	390
452	903
810	181
867	154
795	242
275	722
184	968
404	973
414	937
309	769
113	993
207	859
690	163
263	771
493	719
546	779
885	440
860	573
644	990
346	204
435	296
349	938
298	794
342	987
360	128
476	490
450	774
617	927
250	447
787	341
242	830
162	347
767	317
395	12
359	915
694	871
327	968
651	226
435	65
437	842
478	634
610	439
713	56
613	725
209	11
96	60
492	15
599	866
302	838
652	48
221	460
585	974
918	908
597	834
437	55
587	424
821	148
181	941
812	814
190	193
717	294
769	213
503	240
82	522
327	321
706	559
723	368
612	935
127	598
692	74
236	454
626	471
848	812
254	460
61	31
758	491
195	620
195	422
532	114
847	5
185	224
627	323
452	866
954	189
433	188
525	184
942	295
751	819
153	37
370	832
180	103
164	26
321	173
640	992
74	68
86	332
742	31
10	638
499	180
544	776
253	315
334	398
6	731
95	141
93	696
747	164
819	543
954	179
444	970
133	348
981	988
580	887
919	40
79	647
683	551
522	247
573	547
982	269
315	611
470	387
276	314
385	464
32	106
875	888
662	433
607	471
65	986
638	992
266	178
38	706
475	440
936	784
334	353
765	870
521	293
158	57
651	856
209	940
840	481
882	760
916	826
916	513
319	990
327	752
439	135
354	888
367	522
603	221
811	410
347	237
569	942
797	861
622	371
301	970
115	957
196	940
386	248
756	97
251	904
277	578
9	540
514	693
277	398
885	698
70	676
683	581
916	597
220	629
869	279
408	171
626	574
816	338
848	572
792	709
854	633
663	62
650	20
662	654
221	62
288	377
888	344
589	227
635	361
333	692
887	49
66	658
656	322
353	159
298	753
42	951
293	823
910	708
627	254
494	699
536	46
220	835
593	676
488	520
80	615
393	439
821	402
710	100
76	737
718	588
321	154
618	386
601	158
888	732
914	717
708	335
780	770
244	991
858	256
863	227
164	332
852	336
494	215
349	206
969	253
998	483
533	425
424	317
241	160
448	289
22	419
175	473
796	817
416	606
318	74
155	641
614	763
860	353
824	334
11	502
1	142
507	321
715	825
774	418
889	247
362	68
395	667
301	960
442	793
440	900
76	490
757	388
860	718
901	180
666	357
42	401
638	661
365	922
286	700
624	220
966	750
757	806
34	165
49	247
873	668
671	559
529	428
119	296
255	590
291	518
925	173
49	618
266	300
268	483
544	146
131	657
711	809
307	711
653	24
177	155
417	598
298	602
608	255
989	59
922	436
331	284
309	424
13	302
381	921
876	721
617	446
96	840
941	566
798	35
541	373
296	664
698	585
293	868
293	996
396	434
471	956
743	677
358	788
672	250
327	945
360	784
555	694
811	670
922	756
607	395
697	166
681	808
544	639
309	843
99	150
55	213
858	548
353	782
301	145
942	1
887	671
651	167
328	774
21	388
683	174
77	140
341	548
886	734
911	293
58	863
727	598
650	243
941	382
970	879
392	508
585	63
400	531
70	375
193	281
734	50
21	227
173	172
542	938
617	142
449	45
406	749
681	654
983	606
369	720
710	830
280	115
643	674
713	334
310	577
682	807
167	182
741	577
885	991
20	5
146	180
834	55
102	761
122	224
86	901
577	754
162	628
676	232
616	915
765	155
907	874
361	929
810	53
663	665
857	604
53	353
443	109
962	861
974	74
692	194
385	791
671	814
71	774
569	609
151	326
512	316
3	779
239	301
385	413
672	50
199	814
270	726
604	613
272	113
687	535
574	633
909	711
592	909
341	397
857	455
284	796
605	484
331	464
49	631
553	131
424	850
451	742
79	835
695	448
113	410
637	590
803	568
312	124
501	126
755	685
774	941
11	506
727	452
258	410
981	539
388	985
48	680
224	731
963	241
110	802
638	864
465	864
163	792
222	966
920	512
707	293
844	418
635	704
82	62
326	632
557	540
695	942
374	656
738	143
749	954
855	235
607	703
338	618
167	755
428	140
323	71
651	85
404	843
6	20
4	668
3	483
726	302
468	970
409	762
615	289
845	534
786	510
390	90
127	369
95	427
3	975
202	541
206	994
152	42
124	283
126	787
369	332
596	508
727	631
726	9
994	959
344	893
631	568
349	223
114	671
52	424
769	414
543	42
935	347
229	896
146	627
375	129
450	8
759	295
72	373
702	762
670	397
392	935
999	646
648	231
811	477
852	902
738	472
777	60
338	12
884	343
951	534
543	613
200	977
390	776
812	783
449	585
139	145
888	812
883	92
323	40
252	167
631	610
832	138
48	169
986	529
370	447
310	767
327	245
95	71
210	112
399	123
153	467
185	379
321	30
653	588
369	312
9	618
463	710
713	202
512	862
119	102
881	290
836	161
11	1
334	228
220	884
895	914
43	3
904	920
234	672
772	473
275	70
217	603
554	255
442	237
637	688
924	826
852	692
293	475
969	597
167	620
512	300
437	221
268	221
91	752
507	619
724	723
480	50
221	328
872	333
359	718
546	514
254	819
537	700
2	342
72	690
698	862
604	789
596	811
716	30
946	350
291	829
426	193
417	897
602	873
40	109
736	249
664	216
863	334
22	198
463	580
452	133
431	2
496	550
858	667
463	381
858	981
341	309
177	917
289	107
658	328
992	701
162	39
491	914
894	535
293	804
150	500
351	423
663	182
907	705
856	464
349	229
572	2
110	277
54	115
224	692
511	223
929	112
945	806
947	454
531	250
920	248
689	881
397	588
93	480
647	157
843	867
141	239
535	180
703	509
665	622
232	282
163	59
828	284
478	476
814	19
316	593
538	661
801	994
777	210
991	14
813	288
177	691
455	651
137	919
512	814
708	814
426	672
145	435
899	157
217	702
904	314
179	13
226	353
320	782
386	696
394	279
7	468
717	943
547	205
198	944
937	96
120	594
187	472
571	866
905	714
251	411
316	66
576	688
756	391
664	532
465	160
719	241
147	399
982	957
478	467
213	263
107	464
184	238
195	802
553	661
167	198
56	200
164	945
171	26
351	926
226	912
692	710
959	27
68	361
732	568
248	290
247	225
417	506
605	50
496	596
527	681
349	362
299	449
954	431
833	238
71	165
115	693
568	832
693	383
476	972
251	415
60	510
8	763
582	13
144	834
876	278
864	129
480	447
17	501
208	568
904	974
971	280
424	499
186	400
878	202
539	476
893	276
627	76
455	164
694	953
358	17
32	976
133	980
663	476
3	160
677	511
857	839
825	478
331	26
312	323
796	240
360	788
931	623
290	253
858	629
881	464
730	578
347	645
77	394
799	735
638	865
311	201
978	708
507	205
266	552
149	502
359	614
421	774
410	513
983	814
266	687
156	880
78	829
534	393
859	534
292	333
115	704
27	873
458	401
962	336
517	354
553	490
694	382
260	705
682	771
28	750
336	885
611	797
764	35
372	596
627	114
814	905
989	718
624	286
895	588
317	347
958	613
627	680
273	233
517	672
61	154
744	667
618	290
315	615
160	818
79	252
104	733
987	660
69	223
414	91
304	514
934	685
943	537
481	504
442	88
659	126
156	334
725	243
438	242
943	427
423	670
495	647
958	558
786	532
691	405
379	335
734	531
868	492
150	971
847	628
746	708
653	525
160	334
109	197
111	148
237	534
890	379
431	558
366	457
314	470
334	623
398	823
407	874
276	292
224	904
22	28
991	586
941	455
628	399
382	504
884	526
887	59
830	743
453	947
94	492
268	654
402	911
777	512
90	21
695	155
468	863
30	930
922	373
632	655
839	985
587	175
722	880
223	858
230	761
85	914
979	174
173	336
182	322
874	449
82	354
788	470
541	799
945	814
428	664
882	762
280	655
279	321
178	265
478	709
275	134
834	551
697	114
67	444
330	569
760	198
210	472
406	704
547	996
813	907
342	759
1	829
13	287
619	636
313	18
512	40
561	830
362	564
395	48
919	333
603	566
452	579
255	705
807	331
790	918
360	73
221	882
732	980
477	602
731	36
482	982
681	790
528	593
683	527
798	835
927	30
625	540
554	74
837	138
555	28
474	509
432	249
418	129
88	285
190	327
576	403
41	734
381	971
265	449
438	127
881	357
712	217
287	664
688	158
179	311
934	888
705	285
282	307
698	589
827	38
835	962
651	800
501	314
874	119
628	432
843	654
269	50
594	446
862	141
81	435
558	738
583	380
573	133
500	14
487	129
790	675
9	937
167	544
466	365
418	921
954	276
806	239
832	567
761	23
291	789
558	443
305	404
546	743
573	983
714	895
955	621
374	691
893	679
91	29
830	560
114	301
183	200
72	732
95	157
395	34
92	398
135	948
941	434
165	663
257	278
998	933
123	474
426	797
285	256
16	887
680	476
269	210
218	45
181	821
969	942
805	668
793	166
377	371
695	325
772	79
66	584
693	775
936	893
480	840
11	310
978	334
859	807
806	48
931	721
186	661
353	6
87	726
838	270
323	90
134	867
311	193
253	843
19	131
760	317
680	439
334	331
160	173
507	988
844	527
921	916
548	52
327	254
967	581
819	451
562	709
23	557
472	236
812	608
48	866
386	331
855	324
353	109
658	841
277	781
87	274
329	611
624	237
639	61
120	616
380	509
510	601
81	565
382	735
266	950
469	343
373	826
461	86
329	361
828	990
423	122
129	849
827	382
543	578
962	711
812	690
278	273
760	227
72	143
526	579
72	226
720	815
526	798
694	208
287	640
690	691
557	225
798	119
42	878
624	516
36	56
552	58
819	426
897	175
932	55
852	374
406	627
365	577
116	361
101	505
851	74
480	464
91	294
225	77
947	794
330	645
205	501
563	276
961	182
363	160
430	596
169	434
703	778
122	218
179	139
813	85
219	125
326	160
357	884
883	375
464	245
408	260
257	977
207	960
748	371
116	658
636	297
263	469
587	901
643	541
427	943
39	54
386	635
843	713
579	48
737	380
133	762
112	88
698	769
160	998
156	668
610	950
873	112
986	366
408	182
985	214
225	989
523	137
377	84
425	175
93	139
966	113
60	558
654	468
841	389
413	230
194	866
907	373
368	751
879	997
824	35
191	908
726	606
764	165
888	93
804	30
532	616
13	910
460	992
477	77
77	185
578	909
918	835
269	790
588	20
211	991
326	602
50	271
375	522
297	251
298	355
380	314
791	904
304	908
749	472
328	635
379	385
102	994
4	805
547	708
969	385
758	389
241	224
202	365
39	915
346	347
284	265
685	225
725	436
6	247
65	422
870	658
289	987
70	759
209	29
160	728
313	806
204	610
87	475
397	941
769	465
3	230
571	976
990	55
399	701
765	495
136	914
409	392
655	385
281	278
406	569
673	213
282	147
807	381
875	121
351	303
977	648
90	874
755	507
433	677
609	209
621	95
476	533
79	256
302	50
773	152
676	247
801	110
111	659
797	766
959	284
17	531
191	214
827	767
577	951
230	652
478	652
830	688
952	372
586	813
532	960
75	441
644	405
32	908
24	904
788	163
783	721
671	949
561	729
960	804
750	704
375	865
792	585
184	74
964	152
612	978
940	866
681	773
437	980
706	422
962	908
686	23
208	214
42	926
35	683
846	506
797	371
773	801
512	978
3	316
8	85
777	875
611	312
958	847
811	33
358	886
61	723
336	788
895	871
517	845
567	150
306	725
947	821
387	994
786	410
516	59
486	563
40	522
399	707
666	923
311	539
563	795
694	476
427	254
890	573
744	48
399	103
470	890
717	631
888	221
517	163
871	801
804	907
486	205
940	692
810	375
456	304
624	496
781	316
225	524
585	154
945	8
102	75
450	772
948	879
347	557
838	637
902	339
562	539
411	978
607	211
390	35
784	740
284	42
58	734
597	36
117	495
736	274
82	906
96	887
779	491
662	625
845	193
214	674
54	838
146	845
833	526
949	871
333	909
721	804
551	37
952	226
785	54
753	208
165	462
805	556
241	507
5	541
214	113
243	916
145	393
966	54
439	749
727	615
980	324
996	613
1	368
127	708
867	70
757	806
69	452
741	961
648	755
312	651
145	372
336	82
421	910
358	830
257	537
683	450
784	670
27	368
662	447
371	907
536	179
369	437
684	341
23	626
339	952
546	663
350	630
626	360
94	716
378	880
134	403
583	152
627	568
759	803
271	915
651	677
188	48
715	285
161	812
285	858
417	645
286	661
286	860
238	263
319	968
879	580
775	50
568	595
971	11
246	122
70	684
884	470
90	838
519	494
983	310
390	147
175	104
894	941
25	664
211	62
510	97
448	221
852	298
332	84
830	798
677	235
607	297
388	517
113	172
444	865
787	942
903	548
997	210
203	381
36	163
149	50
761	95
524	310
799	802
759	4
155	983
534	657
324	561
574	674
738	727
435	726
887	360
382	306
976	65
795	880
91	558
819	919
852	999
480	634
785	250
197	522
269	858
749	194
575	126
519	762
325	780
554	997
366	823
319	505
118	712
236	516
258	930
627	130
222	216
932	973
143	164
744	975
680	202
542	341
803	411
363	709
427	156
827	607
680	496
922	844
641	366
614	534
649	616
258	239
882	231
870	574
77	467
156	202
241	905
397	495
575	605
188	44
46	410
9	157
441	200
915	534
811	682
886	699
770	149
636	781
633	603
249	774
976	685
813	315
337	489
852	866
417	175
392	682
668	754
467	496
860	284
155	164
973	505
130	609
954	966
799	825
465	233
613	485
430	7
730	561
716	240
6	82
589	16
70	240
712	332
499	345
770	423
57	97
381	342
737	349
116	915
459	726
375	205
331	445
725	451
995	387
384	596
853	157
188	109
146	122
439	908
392	704
150	413
145	271
990	673
667	767
683	184
99	511
136	474
785	303
698	243
27	246
765	58
755	340
970	200
200	636
770	444
583	248
628	985
686	160
822	450
854	252
67	900
184	619
225	226
124	98
862	250
762	126
407	681
89	653
527	192
184	977
6	29
304	631
75	731
829	964
429	309
603	211
74	763
171	499
117	104
876	984
479	657
467	28
767	474
405	283
462	222
754	185
750	641
392	337
474	642
320	345
159	411
966	974
731	551
524	586
3	25
806	842
749	285
561	101
29	5
22	117
865	351
78	530
908	483
303	532
853	649
599	145
355	515
822	525
791	538
308	413
102	892
321	162
567	780
455	391
477	211
563	437
840	739
706	851
713	317
341	316
354	99
727	725
554	665
72	889
62	24
398	926
367	782
11	965
46	520
549	591
16	534
766	602
756	82
329	343
836	926
15	710
687	667
899	235
352	148
281	723
499	66
547	972
329	784
57	35
128	362
627	568
392	662
698	348
141	34
306	519
219	776
622	74
297	295
184	734
190	86
127	193
128	450
652	955
936	546
963	249
624	200
16	170
35	651
371	81
174	566
679	42
84	465
444	652
123	828
612	781
408	675
24	538
386	509
614	592
679	843
511	772
477	347
351	746
504	685
414	771
224	767
731	296
546	89
940	801
920	338
915	399
74	806
951	527
993	165
440	361
994	135
562	127
273	992
726	966
727	612
283	736
435	371
126	930
612	290
274	932
445	729
280	791
262	365
316	750
43	233
517	758
65	387
539	101
148	718
243	132
646	966
50	517
492	199
47	602
750	980
17	965
189	6
669	527
816	142
905	29
815	768
898	176
552	506
540	73
534	910
930	193
300	22
921	654
662	878
87	811
732	813
514	205
341	495
185	726
744	941
121	625
536	434
280	765
282	777
824	966
919	72
106	211
731	26
928	705
853	508
199	281
683	597
948	467
266	342
833	525
786	698
334	717
767	735
1	234
967	69
752	995
506	919
831	533
180	452
177	909
419	934
732	783
339	481
269	764
395	471
652	88
896	922
126	537
650	705
503	700
37	604
936	833
129	956
683	622
683	932
935	936
647	642
83	959
844	367
130	757
178	780
907	227
803	913
140	308
176	645
683	878
64	458
887	441
9	713
80	583
314	118
348	914
586	236
369	182
912	411
970	809
597	127
63	991
934	168
874	918
252	996
439	869
24	808
639	628
546	758
702	239
277	904
653	43
965	154
608	357
523	156
111	365
390	819
101	543
891	749
832	913
639	365
18	426
728	326
7	339
360	497
200	689
218	273
749	257
266	957
729	950
260	489
661	242
998	249
99	32
383	315
334	33
814	961
231	762
929	66
951	968
762	394
678	364
84	656
296	316
923	132
383	550
562	985
178	460
947	67
797	126
198	978
451	802
929	198
594	436
152	438
846	978
659	264
926	912
435	606
102	878
912	443
653	512
162	417
721	267
920	355
263	69
452	488
100	598
890	784
223	119
739	161
148	754
262	96
417	425
238	471
454	644
458	634
866	298
979	431
40	430
316	283
950	915
512	738
732	12
199	516
898	556
519	802
366	568
933	584
242	472
895	773
698	862
68	518
60	901
714	82
176	293
60	661
746	460
698	795
127	589
644	97
330	474
273	702
733	200
358	559
329	121
87	152
199	587
621	896
261	378
181	695
834	596
640	770
845	458
504	875
102	30
657	684
714	365
648	882
649	564
138	817
91	492
499	538
410	556
368	644
432	407
976	355
163	813
162	232
539	657
306	905
896	16
377	806
253	982
99	299
250	427
288	417
123	321
969	670
325	808
61	247
524	539
379	677
895	468
488	217
239	176
269	270
8	752
708	498
717	282
564	829
868	173
459	963
276	834
705	167
86	777
884	699
148	654
521	625
181	857
334	638
171	558
408	832
722	197
547	39
807	545
30	292
462	903
839	675
21	7
702	28
859	768
372	101
716	962
51	285
390	443
68	12
995	385
711	489
959	896
558	397
577	172
476	407
735	434
540	862
993	590
94	305
133	396
65	562
98	124
373	719
463	361
329	978
543	363
255	746
955	718
488	945
878	838
277	87
91	888
217	962
364	839
110	43
663	489
812	265
682	830
714	56
447	586
92	286
611	957
394	821
5	90
805	175
671	321
391	788
822	776
76	667
800	527
189	705
586	193
354	647
328	978
938	129
839	812
248	897
721	95
883	448
966	965
796	289
336	449
533	905
71	917
469	628
252	292
338	274
181	268
351	540
274	140
592	278
664	277
689	430
481	929
975	998
383	520
975	829
394	211
661	13
96	651
29	235
648	379
87	781
850	301
722	969
181	933
759	35
570	72
427	631
93	781
396	812
889	927
88	552
300	21
157	186
474	17
74	517
287	806
993	527
161	849
37	676
309	717
4	102
205	823
507	365
578	227
754	277
874	794
375	116
38	394
619	346
921	652
189	706
97	373
108	451
450	64
6	265
960	863
401	886
664	416
632	68
131	124
42	386
272	972
714	539
290	228
229	489
732	287
559	663
322	702
425	792
306	557
918	710
567	18
825	593
993	786
951	641
775	657
731	35
698	635
294	782
173	455
72	314
218	550
478	282
868	552
18	184
899	36
166	990
873	288
306	52
889	426
952	67
744	250
777	552
439	356
215	61
734	105
113	395
593	616
591	23
686	256
317	759
414	125
142	331
963	642
870	106
285	258
273	922
566	420
616	268
945	985
826	650
136	200
327	763
85	23
614	496
162	779
115	861
954	635
411	178
310	231
837	742
835	742
589	397
747	810
610	143
212	117
530	573
116	920
864	888
43	728
586	554
394	950
777	918
265	244
562	108
977	392
947	736
271	856
372	331
373	86
601	448
355	223
332	146
241	538
249	609
774	498
776	922
173	509
270	120
54	862
499	563
231	175
502	1000
799	646
340	755
766	535
470	656
333	390
357	358
538	779
14	103
492	370
894	359
510	161
115	280
986	452
692	788
902	709
277	925
139	998
110	66
542	226
639	356
316	417
766	231
527	548
187	951
410	326
54	150
291	173
60	686
751	978
958	197
182	14
985	687
124	988
525	442
247	849
735	72
275	828
80	134
540	617
935	129
617	637
992	151
142	582
804	543
65	85
903	916
543	128
126	801
28	1
94	575
681	102
638	904
715	252
893	153
952	569
557	237
750	792
508	143
959	690
416	283
335	189
827	354
72	619
245	262
17	120
883	544
550	572
457	338
260	172
417	533
935	820
198	897
413	881
519	590
218	920
721	474
610	704
558	499
181	608
828	104
22	775
495	719
6	844
986	491
298	839
567	694
680	410
205	402
72	698
920	900
666	899
64	51
937	986
708	782
247	295
533	472
757	953
10	383
204	950
368	802
692	678
341	416
594	638
681	3
941	72
979	69
185	705
45	525
789	921
291	506
896	305
220	765
757	881
896	87
812	866
803	50
182	771
491	287
246	18
507	513
24	155
409	584
299	997
688	74
436	940
923	488
752	912
309	87
627	406
179	212
439	981
583	598
219	46
309	300
895	338
486	139
332	414
449	671
453	189
658	749
225	184
319	459
273	971
375	688
467	535
918	617
592	317
75	931
478	603
180	359
86	696
813	299
257	585
734	226
41	899
57	224
15	662
548	469
520	282
891	199
130	866
582	239
515	134
801	944
197	320
768	453
206	242
244	1000
128	514
967	981
662	958
733	814
864	224
81	742
969	301
341	901
347	368
448	189
165	525
502	85
289	922
728	919
29	143
749	989
188	164
940	107
177	801
642	559
562	669
599	640
591	598
374	935
493	688
100	801
81	699
949	98
620	27
448	667
751	120
417	3
97	837
223	449
362	319
782	535
967	45
854	621
3	586
408	270
836	306
980	998
345	550
24	685
525	557
172	440
493	402
304	606
927	626
590	962
869	25
16	938
454	201
743	844
729	306
765	953
301	778
959	492
903	938
577	326
810	455
246	190
511	782
419	619
148	89
396	671
11	177
64	799
823	517
980	427
835	749
891	236
432	659
347	211
944	617
456	825
679	522
370	53
487	462
229	881
45	53
116	373
770	104
404	670
587	528
661	778
173	222
964	766
122	333
935	602
409	289
23	806
851	507
10	38
279	626
114	125
564	920
683	311
147	455
769	31
165	487
753	887
862	610
217	534
767	607
717	145
615	222
278	198
686	190
104	798
950	126
980	806
80	209
242	10
43	492
134	591
629	403
961	206
448	750
204	462
401	80
714	210
605	715
247	40
122	370
984	915
588	298
691	686
152	965
847	453
143	853
464	405
652	628
705	461
379	863
495	314
692	404
939	525
435	847
681	775
776	431
280	590
842	556
703	649
356	442
365	259
988	493
671	906
197	394
11	722
73	461
458	148
165	635
772	685
549	791
5	142
83	284
514	935
178	671
52	885
202	108
561	772
630	534
612	532
194	42
526	141
691	570
825	284
514	12
459	444
384	623
128	575
28	623
1000	27
973	603
446	666
579	484
854	779
798	667
559	748
635	238
828	432
943	465
243	981
213	142
415	354
625	447
95	469
849	654
602	950
638	66
967	195
167	585
282	919
31	201
480	95
553	241
318	497
69	785
180	13
640	374
522	75
432	798
720	790
394	351
648	976
139	652
378	901
488	670
945	358
800	232
513	189
691	735
584	905
233	951
607	184
363	296
557	516
72	337
710	330
739	407
383	34
326	74
496	568
608	254
905	346
799	726
75	202
77	254
916	299
51	396
946	731
861	880
489	783
882	904
243	619
857	427
152	946
669	322
360	608
559	447
625	335
714	449
955	1000
518	85
725	857
29	229
193	677
403	744
739	63
646	189
343	916
218	315
674	640
563	668
756	613
409	251
286	236
101	987
243	466
399	784
544	180
874	843
619	385
300	145
624	168
118	500
25	604
602	915
504	298
737	533
299	13
304	514
776	664
924	347
379	658
1	335
845	563
33	65
987	44
439	615
435	294
559	109
187	665
368	925
864	699
890	184
463	146
527	671
641	645
19	894
246	877
75	104
944	375
1	995
107	619
851	343
162	291
17	400
708	899
69	250
619	24
597	934
501	551
581	221
718	874
903	716
366	455
182	546
278	526
665	418
995	99
195	365
321	71
845	282
4	878
485	390
947	170
252	891
330	492
389	422
786	280
394	134
736	403
414	870
274	186
403	735
316	105
822	772
632	931
557	713
182	320
448	950
925	681
498	162
578	391
822	438
734	436
633	95
878	945
240	56
996	231
161	160
692	134
634	702
770	980
6	914
81	259
411	448
1	397
916	369
816	31
176	526
405	228
265	490
825	618
747	512
972	494
44	957
436	8
242	163
167	12
888	856
863	97
4	72
387	863
826	931
723	27
602	90
565	345
860	174
461	794
371	366
183	502
259	502
136	661
906	203
35	437
968	410
276	285
315	630
6	940
21	237
246	20
740	845
493	881
768	320
614	195
212	304
500	577
605	956
440	536
31	719
331	654
225	784
283	947
534	427
865	72
668	939
458	502
539	314
324	453
571	9
863	901
167	78
551	262
308	83
639	666
309	972
561	557
266	699
737	694
66	412
673	636
382	557
6	209
6	658
731	250
401	880
277	47
288	173
870	164
396	2
59	136
856	146
654	977
3	107
984	907
421	328
151	142
778	49
858	462
926	836
306	413
407	197
429	134
836	193
821	698
966	919
858	958
798	909
872	314
630	116
635	352
624	627
34	631
559	910
354	795
695	603
534	826
350	265
930	629
306	483
312	209
287	676
76	555
895	140
231	852
900	347
808	92
549	856
823	442
81	741
455	53
186	99
606	428
464	103
229	412
4	639
821	107
772	956
554	460
425	995
168	716
252	287
495	3
922	894
610	968
233	684
260	891
639	960
449	79
603	275
781	316
341	758
540	521
75	965
921	217
876	863
2	732
945	842
732	929
940	242
526	92
183	364
700	696
654	874
801	184
773	359
350	467
655	857
989	689
486	249
564	111
213	164
865	395
142	353
967	97
139	117
679	940
531	199
645	254
238	959
895	73
766	788
525	651
498	877
388	422
904	528
506	949
920	305
702	446
906	41
431	139
925	852
533	963
329	56
384	507
239	313
226	594
183	531
406	151
516	722
118	679
655	121
865	132
450	99
309	257
720	392
537	25
612	884
684	417
808	278
449	13
446	420
636	595
785	535
660	937
962	26
616	162
983	135
855	148
632	229
175	329
398	145
38	907
296	912
629	707
542	74
592	330
499	765
727	74
925	54
336	981
993	585
266	17
83	77
942	894
54	208
389	902
730	390
823	445
600	835
981	202
785	255
599	561
823	932
141	441
771	816
833	847
635	641
391	284
342	19
951	132
552	163
795	951
600	545
933	710
437	74
606	73
960	657
294	222
592	325
760	576
688	504
15	900
114	210
910	965
493	744
194	580
240	639
937	580
15	286
634	546
427	512
904	410
937	729
273	250
797	325
305	408
212	651
506	404
416	91
776	897
356	204
118	994
362	314
810	97
113	426
411	871
978	396
669	21
429	9
17	548
88	631
919	746
61	609
295	692
12	139
492	518
891	384
605	55
326	38
740	543
198	740
919	239
148	74
148	640
569	330
846	56
377	212
596	430
416	38
425	826
636	883
418	878
905	24
913	210
610	736
88	913
25	692
567	589
775	576
805	701
158	237
3	738
437	776
992	593
357	679
778	350
931	370
569	922
80	801
874	38
183	25
9	939
503	10
262	426
255	248
172	133
561	3
21	3
515	182
828	791
287	33
662	45
58	936
870	612
52	854
247	596
375	727
701	558
679	651
791	216
273	631
150	4
745	454
650	402
11	709
88	907
763	545
602	818
675	164
757	452
721	447
168	543
241	993
528	202
277	157
924	341
713	381
363	14
221	656
753	66
805	553
707	882
870	119
375	703
550	630
423	869
623	145
199	607
279	339
472	742
481	41
684	806
621	925
355	553
297	83
836	706
364	135
915	453
758	615
87	850
895	691
132	594
56	761
66	650
912	311
806	540
603	421
765	443
273	855
747	589
224	478
303	160
772	672
244	78
516	956
764	402
971	909
954	925
643	345
642	535
39	159
199	95
742	427
578	826
979	937
942	636
903	942
493	911
415	67
381	976
882	579
21	698
291	793
4	401
188	826
308	769
950	7
974	548
243	131
450	359
123	306
841	797
710	72
611	152
80	190
62	647
589	368
213	912
733	61
373	29
278	351
750	358
175	603
789	621
675	837
371	520
558	753
1000	69
110	349
162	424
970	532
819	322
141	554
461	207
287	854
941	969
665	571
615	357
735	515
967	179
827	285
989	750
332	236
432	114
953	861
402	226
584	843
576	967
169	710
559	249
724	981
960	896
831	563
739	779
518	597
836	344
979	44
584	557
235	554
210	93
876	581
152	793
119	666
246	881
636	847
369	763
762	862
1000	319
504	79
8	815
92	172
273	836
89	465
43	332
1	29
656	151
851	984
470	705
269	537
369	992
392	554
240	700
618	297
943	179
202	484
201	805
385	559
134	154
366	810
66	179
816	484
379	204
296	391
236	469
61	863
584	788
199	507
412	247
4	35
649	139
936	529
337	73
713	403
499	36
795	927
36	525
591	406
616	284
776	241
39	520
939	954
28	908
158	716
356	192
704	218
4	96
309	89
819	202
803	391
442	922
922	117
447	24
580	259
828	753
604	119
260	230
870	110
922	838
613	768
562	622
656	769
348	796
974	613
472	903
381	151
698	322
4	677
736	699
557	561
486	775
454	46
924	115
570	650
774	482
240	955
729	380
626	795
887	157
325	789
314	459
518	126
811	767
743	604
504	557
699	71
809	105
483	863
254	127
815	51
775	558
295	268
987	71
451	508
225	252
60	607
618	735
56	711
388	328
9	674
208	54
866	397
222	32
15	816
608	232
540	636
653	787
217	573
280	584
259	88
642	962
999	167
178	20
582	428
861	503
845	816
736	476
860	594
559	18
491	762
894	580
373	674
466	712
936	486
451	183
868	198
649	429
187	552
660	562
362	801
24	762
412	710
94	403
97	583
791	241
710	570
867	418
540	184
760	430
490	91
698	670
702	225
65	881
864	10
962	350
328	593
287	458
54	874
24	329
167	161
249	833
98	25
48	121
88	909
994	906
798	612
755	233
738	673
976	315
370	610
722	925
802	661
555	143
873	828
687	629
230	671
417	797
151	723
869	388
296	527
468	829
365	418
112	264
339	895
479	914
752	99
155	868
256	911
830	786
233	956
609	945
294	149
600	957
354	208
606	200
119	496
822	820
283	918
407	327
107	285
839	275
982	378
664	714
872	59
948	484
484	59
387	13
730	79
239	496
508	131
755	920
90	789
986	104
284	423
19	899
594	843
691	816
992	526
954	176
480	635
259	305
98	80
79	717
534	298
646	51
823	425
670	27
106	390
451	835
203	886
138	556
825	63
552	322
330	904
698	134
360	344
997	421
653	553
861	392
917	73
206	116
514	778
119	214
196	770
209	821
951	603
718	825
381	967
272	381
698	937
439	95
60	281
736	696
599	966
252	595
254	57
830	391
398	444
357	871
671	989
20	316
688	725
344	268
117	609
449	187
49	269
93	436
252	629
771	237
151	871
345	978
630	939
426	320
32	206
206	749
403	203
62	396
436	581
588	327
168	190
866	253
295	250
349	446
423	325
945	116
7	440
84	39
618	100
252	533
833	491
222	388
635	510
526	321
352	117
744	37
604	420
214	711
985	483
374	48
986	805
481	160
375	999
299	18
622	584
410	29
429	760
246	156
642	828
47	163
148	420
423	970
22	906
49	449
851	603
234	809
385	430
186	801
446	572
401	18
987	275
658	796
736	954
200	159
794	19
251	495
524	312
583	77
438	57
544	594
143	166
150	368
539	277
199	420
3	541
452	929
382	405
70	414
757	468
626	385
133	143
747	443
455	49
283	748
227	335
781	582
705	873
895	296
370	478
377	592
448	347
404	212
903	343
209	54
289	861
181	826
609	790
214	470
847	425
111	739
711	185
891	42
712	651
893	802
147	569
611	478
652	248
754	268
249	270
603	247
322	87
921	793
54	170
589	650
185	556
367	991
537	100
600	850
708	330
494	157
746	552
384	41
162	185
183	76
217	275
699	556
78	884
694	911
221	182
421	224
463	794
245	158
804	22
675	899
172	261
473	141
776	379
21	532
188	866
528	630
860	539
491	307
927	953
99	770
477	27
109	174
725	408
499	333
567	292
30	753
963	419
913	669
10	529
574	508
710	817
986	926
149	479
676	981
934	535
374	470
795	453
53	885
282	782
907	289
942	311
862	55
920	50
123	742
368	532
377	401
304	815
473	328
930	464
80	555
727	433
348	619
660	378
120	761
184	689
241	79
568	550
55	512
245	97
646	970
433	45
931	10
722	434
221	792
654	400
941	22
396	149
720	694
834	76
803	519
263	679
682	40
266	283
729	877
620	504
377	806
696	385
816	921
648	12
457	465
670	128
949	190
409	89
42	835
495	787
599	129
201	736
148	702
384	682
718	917
609	459
656	616
191	137
895	675
633	747
256	588
374	244
153	577
106	775
755	142
136	809
689	703
583	552
882	918
612	945
68	404
907	627
76	883
163	918
326	472
133	570
147	868
74	241
22	306
398	608
993	241
720	732
641	295
650	759
84	692
663	337
945	551
415	262
384	99
943	617
678	476
380	779
924	795
246	148
473	412
344	729
730	223
137	327
905	255
370	479
115	297
732	915
273	588
400	787
955	654
504	599
359	573
927	354
956	234
254	609
115	790
264	437
830	151
903	229
873	219
698	262
336	628
474	735
856	755
51	369
242	674
963	976
941	826
90	508
953	636
461	495
161	558
852	883
456	411
750	33
640	277
707	486
855	88
823	8
766	565
56	440
616	971
561	701
303	171
555	888
322	211
457	684
168	858
674	918
962	869
425	110
952	482
507	844
817	167
152	572
285	224
421	801
97	746
203	14
176	753
393	103
612	531
498	594
268	473
446	339
114	250
893	185
177	711
331	77
389	255
681	900
938	189
996	871
321	995
55	4
537	709
204	601
77	644
662	262
860	846
543	41
928	629
79	449
928	99
911	634
594	471
379	416
988	891
650	682
749	94
323	455
310	517
272	108
577	478
31	559
181	546
492	35
416	895
773	326
159	914
227	595
66	265
400	209
606	290
31	978
616	197
39	597
345	892
889	673
152	560
180	814
705	70
672	197
596	746
81	614
887	536
560	467
148	562
216	867
637	37
928	815
246	103
427	967
12	255
155	978
483	246
775	789
478	817
366	954
616	133
867	175
478	687
9	172
520	793
509	576
488	547
866	511
882	622
377	926
111	51
413	156
829	426
503	372
149	718
411	920
852	118
302	807
608	607
881	110
904	173
492	114
311	279
25	471
143	62
894	557
366	838
734	677
948	670
684	712
147	985
38	103
586	694
761	64
325	503
387	586
437	373
402	610
668	450
489	324
720	97
262	360
270	237
461	499
588	647
131	369
455	917
651	951
540	124
25	253
20	368
134	614
290	576
815	629
527	839
616	668
443	326
893	229
298	44
387	696
664	242
598	417
791	325
263	158
760	628
97	408
799	821
671	872
56	445
216	186
320	293
190	315
24	960
876	257
284	525
462	461
263	805
850	640
59	75
542	422
214	918
599	508
866	834
863	993
445	4
58	805
807	460
943	374
427	656
91	111
220	689
206	545
484	86
287	869
621	820
490	1000
226	396
420	413
638	136
790	22
86	969
157	603
40	312
332	194
122	153
877	298
933	409
624	123
633	428
878	392
567	683
236	231
262	858
817	769
667	221
381	147
564	910
906	400
531	105
910	263
321	831
992	791
159	663
17	30
871	526
260	724
724	337
225	537
140	880
519	453
171	349
401	349
113	368
6	782
750	734
848	347
804	823
792	202
739	937
934	397
542	534
774	57
921	954
536	250
956	149
326	373
6	303
58	878
941	130
617	619
438	871
332	91
384	165
929	102
142	693
550	113
732	419
721	734
175	629
823	376
694	808
59	570
337	575
154	42
290	707
591	759
599	684
52	645
195	924
676	785
452	276
770	779
42	359
460	430
313	87
763	947
807	85
839	3
523	716
457	543
117	769
932	493
369	815
530	244
933	808
517	342
538	165
204	735
772	150
543	653
256	668
170	877
984	699
812	501
370	68
871	411
329	514
515	486
255	677
868	84
218	819
629	663
177	114
646	366
669	186
303	835
683	15
857	239
186	529
987	916
937	459
54	858
293	622
814	370
95	594
761	296
986	970
589	292
880	168
904	508
388	75
319	94
8	378
72	71
450	426
499	346
130	318
684	439
607	710
241	887
619	480
755	994
593	828
256	633
573	594
593	287
28	370
713	525
637	960
118	550
546	926
451	734
917	465
311	659
378	202
754	983
795	332
63	498
312	600
472	631
427	792
55	833
379	136
221	765
505	601
536	97
312	330
524	840
371	142
35	885
210	177
751	515
21	748
254	339
1000	931
219	102
889	940
548	829
529	444
478	592
599	703
924	242
917	541
10	409
307	700
871	270
277	807
963	459
850	849
442	599
669	808
430	527
219	339
478	676
810	93
532	593
258	581
648	774
781	678
358	822
235	367
587	502
180	799
50	963
577	516
930	891
498	902
268	689
560	454
625	460
424	703
605	794
130	377
551	232
975	765
466	753
491	110
957	317
536	327
546	746
207	71
134	617
25	673
315	774
418	879
652	768
448	426
287	409
969	887
657	541
681	1000
16	209
131	89
365	502
830	419
971	855
522	20
473	128
896	895
237	926
958	771
365	518
332	341
732	68
680	333
157	57
423	645
901	798
377	522
61	739
851	146
378	57
78	146
130	376
413	798
830	601
201	474
76	720
228	553
45	585
131	324
150	709
427	172
76	172
314	473
408	450
542	857
695	348
784	451
588	830
289	808
618	709
324	685
986	662
374	496
600	549
712	169
111	229
890	407
278	398
676	996
871	539
661	526
55	296
686	304
884	686
566	598
281	116
889	911
862	246
634	596
166	974
400	1000
149	4
619	126
763	512
650	448
469	851
850	735
359	676
476	252
285	205
656	151
715	506
226	404
376	223
442	817
728	9
429	453
16	759
25	425
134	97
780	72
543	750
186	354
12	813
48	553
566	579
408	355
432	282
28	962
74	73
137	486
336	352
766	664
602	964
757	498
310	447
973	816
366	324
617	626
322	412
430	625
128	267
491	248
439	806
493	37
387	426
379	669
36	183
301	487
844	527
838	412
245	824
369	354
755	403
407	446
32	488
772	73
831	282
461	167
902	900
123	733
566	276
840	458
687	719
975	32
892	22
551	438
707	124
106	178
276	549
139	87
707	442
110	421
64	599
254	184
215	796
632	826
587	483
742	391
208	417
866	618
401	187
404	200
624	58
547	894
114	862
232	523
339	788
517	596
142	740
247	906
642	833
539	886
944	61
199	185
423	78
881	916
418	656
130	731
269	694
245	824
680	839
454	255
478	966
103	494
552	473
393	272
921	574
996	822
61	6
28	929
878	612
849	154
260	546
646	183
250	311
57	192
710	641
928	576
228	501
828	623
245	241
172	348
712	709
556	445
65	613
673	104
39	735
419	220
81	588
292	548
850	927
188	54
712	675
771	385
901	933
472	642
25	626
632	218
190	921
830	50
84	949
377	445
540	658
234	223
687	265
969	541
821	406
391	316
853	121
515	593
711	713
469	922
917	671
874	50
65	173
477	829
963	33
49	824
526	980
733	682
36	916
973	408
892	280
728	181
180	803
105	59
12	596
387	777
178	113
557	687
763	73
265	476
342	770
191	330
513	906
717	417
947	232
339	945
986	938
123	140
710	529
420	835
836	163
684	542
911	460
800	659
167	257
280	785
149	44
496	569
757	811
833	42
800	150
942	507
857	692
165	401
432	207
924	105
347	39
319	201
864	740
979	830
506	389
83	672
783	423
687	196
792	490
676	663
443	547
397	370
583	660
365	673
703	750
369	204
52	262
887	422
188	694
951	496
454	726
974	527
422	683
413	469
683	395
210	105
304	335
748	208
855	683
79	11
437	407
46	224
222	337
257	898
840	34
11	62
240	56
765	803
660	509
727	48
863	714
784	78
3	918
734	815
228	373
253	195
243	64
486	45
70	758
307	713
629	712
931	118
673	270
910	550
587	986
646	357
290	752
102	779
40	940
706	211
916	141
967	729
6	329
840	595
537	688
113	907
969	371
981	510
149	527
399	108
161	370
595	354
76	845
227	333
539	482
428	300
738	857
972	666
353	166
862	222
520	858
734	12
588	572
113	807
663	319
277	393
56	332
36	438
630	72
972	706
166	430
478	963
13	298
823	341
266	50
228	99
968	896
386	835
993	781
470	950
551	10
700	477
506	28
545	870
679	781
854	60
183	845
307	657
715	531
87	156
192	868
474	92
939	616
366	801
983	490
638	204
751	676
253	485
791	504
804	432
977	828
182	809
254	996
877	136
398	361
634	163
846	209
717	451
216	61
682	990
700	686
297	246
758	216
770	868
107	19
215	91
965	392
665	496
752	955
796	784
293	123
910	622
474	930
72	740
438	172
752	361
51	115
974	641
203	408
575	713
880	8
366	887
58	996
296	910
187	384
912	480
910	660
311	675
125	831
477	869
565	581
336	987
290	910
626	11
569	810
482	959
963	836
584	295
890	207
103	781
286	445
984	946
442	272
907	954
327	146
790	182
259	384
643	919
596	182
150	319
855	502
113	759
662	161
646	490
188	979
885	615
243	487
228	640
324	562
623	580
752	815
906	345
634	354
793	470
917	368
805	898
709	246
450	905
558	573
965	273
423	506
270	771
543	134
696	556
810	407
328	176
131	21
172	125
928	51
483	368
656	554
917	865
77	273
973	80
802	214
871	981
836	448
593	599
386	488
800	346
180	343
662	900
956	994
797	292
959	952
398	489
17	813
338	4
817	481
263	219
895	723
39	787
589	840
938	693
976	635
132	442
882	415
840	30
123	799
236	456
730	144
783	753
209	415
795	706
129	690
557	869
915	817
214	254
4	6
529	502
728	242
868	408
654	626
400	418
768	770
793	636
544	903
573	826
284	20
348	320
515	564
463	74
465	745
505	473
738	62
993	666
947	484
158	818
678	998
934	411
978	720
637	891
891	399
543	69
336	438
847	837
993	567
404	102
169	316
20	32
180	905
815	53
707	798
532	152
467	158
838	505
967	364
905	720
169	609
578	22
960	881
436	206
239	669
159	140
277	350
772	247
553	421
234	916
442	421
269	856
169	985
227	636
867	544
452	594
840	180
232	352
56	450
541	315
370	655
346	343
150	896
971	878
373	838
466	825
738	543
862	186
716	681
865	355
535	552
302	452
819	904
784	681
344	92
512	302
455	91
103	913
243	496
306	659
306	869
707	331
949	736
956	461
985	479
706	394
115	526
147	379
93	876
639	118
121	331
102	809
709	215
634	751
38	20
677	291
502	818
339	423
678	893
494	106
244	308
563	897
224	739
969	401
817	557
468	555
985	802
617	589
834	983
862	257
586	993
523	897
735	485
825	852
95	826
963	718
592	507
662	750
629	47
530	970
700	232
420	454
674	381
957	245
321	918
14	289
536	520
832	275
216	258
718	696
750	953
310	23
963	587
489	21
907	52
618	169
563	933
229	643
974	100
905	600
348	532
745	318
589	962
909	800
746	828
543	742
726	313
778	213
636	111
946	467
868	726
254	48
280	761
148	156
999	652
250	788
4	24
179	112
882	304
673	44
815	451
988	911
767	432
679	440
43	451
638	686
318	603
29	493
371	642
74	306
597	243
229	594
604	985
265	603
682	185
469	687
660	255
243	312
596	935
942	125
69	144
202	761
556	549
718	261
510	319
387	726
519	460
61	593
877	938
516	301
35	587
591	548
981	742
295	840
588	155
692	667
453	608
615	47
207	277
92	674
913	975
289	93
440	414
897	595
418	550
436	705
108	75
402	502
124	958
406	214
369	71
294	966
299	447
504	903
377	616
757	887
168	496
864	76
148	127
616	245
162	856
198	234
149	101
403	353
737	927
75	782
20	442
600	777
51	209
163	445
659	490
947	754
755	275
685	40
186	933
823	188
112	126
565	256
889	350
237	818
79	299
632	604
756	895
35	65
260	239
842	149
189	559
272	378
227	241
465	246
257	401
314	507
564	378
289	412
352	106
647	650
885	442
178	896
372	443
166	368
823	187
563	384
909	575
200	95
589	286
664	367
373	462
732	606
729	625
88	629
217	57
307	480
635	453
157	641
514	789
353	329
953	278
633	274
847	911
56	976
96	220
206	878
261	813
281	398
819	621
597	331
628	284
201	553
712	255
99	730
260	4
928	2
844	602
934	819
780	468
123	126
67	976
210	763
862	813
197	501
533	88
738	161
917	246
738	365
416	46
229	582
405	542
465	675
410	757
592	888
377	937
447	174
903	221
896	1
131	959
778	309
96	101
843	872
566	577
959	33
917	713
918	97
678	890
465	109
818	583
392	639
490	360
179	641
659	430
456	916
665	727
843	829
547	321
399	522
541	405
393	728
958	212
546	900
247	53
699	962
306	869
588	296
608	878
915	904
620	273
715	487
828	180
695	159
711	386
16	253
780	466
974	216
186	514
32	604
595	579
337	681
330	630
268	34
755	854
589	135
273	556
465	905
963	198
384	35
650	241
335	502
712	969
136	249
697	827
112	390
130	275
551	350
910	104
649	450
806	764
454	193
692	779
591	219
323	671
931	783
943	200
172	421
147	407
729	84
168	15
620	151
782	84
970	791
166	649
892	222
694	632
663	934
747	486
573	787
402	857
81	649
810	987
842	992
60	588
435	109
669	12
989	920
310	562
740	539
951	341
853	930
301	90
857	355
483	18
894	394
241	605
965	197
164	618
175	706
688	229
577	88
547	480
56	586
908	645
791	787
838	207
272	57
60	440
228	280
636	21
589	906
564	276
487	833
38	252
762	254
881	791
197	350
618	109
184	582
243	523
447	90
939	299
132	746
827	52
841	924
789	599
288	303
27	629
408	4
264	3
96	510
27	151
978	321
54	971
496	966
440	400
421	18
372	804
884	875
13	416
203	765
787	529
935	606
516	377
287	762
870	786
994	269
8	403
979	982
126	506
527	335
457	604
932	415
256	272
896	157
604	813
297	182
282	280
39	673
605	969
424	329
817	633
111	832
704	583
246	837
264	451
283	717
46	748
36	168
25	523
17	560
826	913
747	539
541	613
663	24
406	566
250	503
703	863
584	991
287	302
336	619
699	838
732	262
228	760
498	975
294	914
43	591
371	830
400	40
418	928
718	260
630	713
696	41
775	380
1000	846
51	553
488	995
924	996
811	679
903	773
637	272
519	482
108	289
377	498
740	849
238	20
706	980
627	689
668	370
26	4
196	241
622	205
307	969
104	741
30	267
545	567
64	226
528	352
200	986
322	190
112	330
266	28
794	872
594	957
744	89
24	239
672	960
908	587
131	215
124	396
50	70
605	35
417	334
774	221
892	85
691	280
783	273
757	167
69	526
907	142
729	293
39	789
300	389
676	956
906	804
447	672
525	906
665	194
374	328
153	873
161	732
684	327
453	879
592	987
5	511
738	887
542	467
538	525
708	4
519	925
651	764
861	944
285	312
724	167
848	577
816	516
346	344
705	427
925	928
851	666
198	896
552	296
153	957
652	820
539	601
795	199
525	200
843	193
174	436
489	647
827	225
320	15
127	829
713	530
568	644
1000	849
695	840
223	164
348	87
940	747
275	951
805	310
675	536
257	319
976	413
869	558
596	492
212	150
855	822
667	568
168	453
274	896
269	842
678	909
578	853
923	985
200	361
70	21
686	739
468	820
788	175
682	615
617	764
528	259
962	583
647	537
486	299
677	925
390	667
947	289
11	732
62	500
281	663
707	770
448	334
228	469
630	388
674	664
903	247
78	748
759	899
411	228
552	527
662	925
666	947
195	795
920	317
616	734
892	400
974	266
471	106
499	25
327	11
560	826
114	200
427	150
863	389
486	76
359	651
564	442
184	985
106	160
374	641
638	633
972	864
305	857
246	329
625	802
610	306
47	884
14	422
726	326
474	204
676	863
364	622
35	471
148	722
405	17
205	63
563	664
154	440
159	889
665	554
769	823
390	287
838	280
133	202
75	125
321	146
11	819
693	380
518	216
818	497
86	877
733	291
971	348
755	656
424	268
448	341
875	151
499	588
279	255
667	96
154	77
470	245
525	605
850	664
746	580
775	514
572	243
692	927
767	636
563	686
90	995
350	56
954	941
680	205
170	598
103	529
109	496
669	784
315	166
295	339
640	25
471	798
941	343
271	554
818	591
358	406
776	935
646	210
951	683
280	375
633	178
624	613
145	884
444	277
105	980
495	216
540	861
486	716
449	162
184	444
201	177
631	195
7	762
700	316
837	919
188	406
817	793
757	333
133	968
969	623
436	759
386	344
322	589
291	955
702	975
162	188
585	821
194	48
997	734
361	763
711	289
319	221
138	589
562	959
703	731
270	646
545	615
34	128
788	12
999	196
967	904
160	783
20	304
944	634
262	788
510	244
242	983
439	795
786	438
966	956
727	557
99	493
49	810
344	111
499	546
630	396
24	393
752	648
143	125
615	369
21	314
284	799
994	981
87	952
858	776
593	37
848	984
681	990
579	820
643	688
679	300
991	86
729	730
424	553
887	743
451	50
639	97
998	111
133	704
712	354
268	974
614	937
982	510
513	48
788	22
211	225
388	214
757	544
227	199
589	845
609	281
523	289
721	990
665	806
684	264
633	404
812	518
384	816
840	644
679	846
126	551
589	618
58	78
157	847
14	288
374	222
930	887
429	186
540	314
80	802
935	434
725	474
676	749
716	229
484	584
195	431
57	403
699	733
962	796
87	321
92	912
800	191
625	108
939	881
300	570
17	770
172	667
156	520
306	791
638	95
664	468
237	343
5	473
591	934
58	397
515	775
37	71
575	892
429	579
854	938
212	273
26	936
747	688
643	970
675	428
789	219
20	940
937	429
31	229
291	474
116	478
834	478
993	22
167	196
843	370
306	413
716	812
496	971
909	236
683	680
618	800
887	48
279	452
241	688
436	453
623	927
449	979
132	591
814	900
458	369
804	7
331	48
244	909
169	198
734	9
668	800
164	980
140	742
977	594
545	245
205	87
555	169
109	852
726	234
943	776
828	535
163	716
137	865
13	432
877	7
722	395
978	241
875	269
736	772
117	615
485	419
733	279
918	309
784	473
588	787
33	495
580	367
937	971
498	416
41	781
768	988
90	827
132	957
237	39
740	398
840	100
725	62
906	59
371	773
340	738
306	522
783	447
724	508
608	136
938	993
507	680
557	657
765	726
68	967
13	921
772	315
530	528
289	297
605	564
430	193
780	212
539	602
150	881
117	611
272	992
552	496
758	878
546	88
445	394
921	381
114	164
608	127
216	958
193	508
620	138
279	588
888	738
55	688
14	950
332	133
404	220
304	49
665	702
597	806
49	730
950	49
876	916
767	27
468	168
332	873
540	116
418	398
667	729
832	263
832	52
155	789
137	731
362	111
266	858
441	359
880	680
23	843
844	171
905	370
560	538
801	157
594	432
18	662
28	514
513	781
475	531
84	725
336	593
888	693
973	346
83	829
191	522
490	670
683	913
353	755
495	319
47	80
305	457
471	94
821	674
987	411
578	915
656	345
542	413
24	27
155	696
647	611
578	600
129	11
661	959
924	814
617	209
248	371
456	160
554	386
75	222
829	921
471	767
568	165
855	34
739	114
194	247
691	432
714	662
913	483
212	910
443	290
183	197
442	965
672	187
220	323
579	38
80	963
304	819
644	90
355	432
284	171
493	682
348	491
490	155
111	709
267	116
133	172
209	96
878	315
519	725
600	313
25	461
349	351
122	680
856	203
623	206
172	219
351	343
618	914
127	668
803	998
859	102
998	490
378	726
788	16
880	240
693	348
204	473
827	311
333	691
964	688
543	727
305	236
62	118
306	876
217	593
416	924
622	556
514	783
893	529
396	778
802	918
530	330
326	424
945	686
467	855
179	740
535	606
304	538
374	564
508	590
431	902
304	485
67	623
259	619
374	934
401	736
802	866
462	455
752	532
707	875
76	399
723	71
554	916
547	832
328	401
63	288
488	241
602	3
961	580
778	425
1000	436
931	819
369	81
611	627
189	878
659	759
701	245
255	878
559	185
429	422
436	708
96	882
487	572
846	697
510	816
952	134
364	143
483	700
916	401
358	521
812	861
945	280
296	260
585	189
681	233
199	69
936	420
258	609
428	213
387	221
363	139
274	255
223	326
717	360
610	711
607	661
295	606
849	773
144	893
461	194
587	187
475	377
495	243
165	643
481	575
465	229
92	366
256	529
679	542
987	94
865	884
282	800
385	302
119	691
460	657
873	253
680	215
818	340
218	843
971	333
348	256
465	141
175	612
404	433
306	157
801	601
528	219
537	794
9	513
632	799
838	769
237	686
315	70
686	49
988	713
571	477
218	743
440	96
761	894
512	237
993	628
897	511
141	996
935	957
477	558
47	415
538	127
312	761
462	150
548	102
902	107
495	339
748	233
448	863
970	563
418	379
734	385
213	704
239	20
517	446
465	485
594	595
476	893
202	193
303	755
696	335
378	608
768	893
232	939
864	77
819	834
937	168
987	345
817	715
505	421
222	429
442	475
418	517
90	681
325	396
244	755
272	405
299	935
592	374
262	685
384	608
109	290
953	149
216	2
635	754
875	281
520	223
240	816
306	677
991	350
500	710
105	957
352	43
888	531
458	550
566	567
741	966
805	30
966	407
420	337
467	631
690	43
265	692
440	797
242	482
556	356
549	953
286	167
230	830
209	725
885	381
107	521
688	553
644	996
524	437
686	278
817	664
81	382
290	684
747	974
52	761
660	533
104	814
593	608
293	10
5	345
918	319
424	230
958	40
668	141
159	110
214	521
283	707
601	397
271	26
576	45
683	773
169	834
451	424
654	773
896	376
907	829
901	104
305	573
873	242
332	200
359	803
840	958
562	896
285	345
320	780
967	101
149	25
862	620
140	417
738	721
62	402
223	481
577	542
615	491
334	162
336	224
166	468
653	725
490	708
858	372
324	398
655	919
969	262
899	457
757	980
556	946
623	659
33	164
121	342
104	418
57	683
473	81
353	981
1000	821
236	474
236	705
729	871
807	570
46	680
251	944
618	582
249	421
621	580
613	947
41	947
209	397
287	264
791	235
836	6
580	331
276	621
91	895
673	824
209	399
21	421
987	126
284	256
6	194
312	759
668	61
840	511
701	461
811	42
868	533
545	195
214	91
523	847
478	326
647	307
174	408
566	687
992	504
441	179
819	299
622	133
215	261
786	533
954	821
378	505
544	188
707	335
298	570
149	965
605	307
324	480
236	353
855	102
154	363
616	348
227	875
288	592
302	597
485	879
593	384
343	450
843	236
299	921
507	209
867	994
674	560
274	314
541	651
872	112
926	664
264	794
254	5
821	486
511	830
995	151
348	264
662	907
941	582
621	1000
887	488
453	880
283	361
586	213
136	820
44	145
912	924
130	109
236	164
803	616
873	401
911	815
11	504
186	917
822	774
57	21
329	57
250	248
740	455
896	497
320	649
61	378
207	272
985	717
159	819
53	260
736	965
739	428
300	203
238	753
603	730
245	66
620	205
121	601
506	594
108	624
139	968
997	887
720	85
240	324
961	2
388	851
274	857
115	853
18	363
218	124
621	546
798	748
947	773
140	460
39	523
839	214
274	920
983	978
898	173
670	567
949	52
938	737
109	427
741	509
517	129
775	934
715	68
877	670
452	558
18	468
147	705
736	502
352	945
280	40
342	505
537	437
734	231
374	7
727	404
979	360
234	119
345	623
771	31
481	695
894	998
845	844
269	870
994	118
645	677
898	139
28	436
674	462
991	296
920	998
210	883
34	243
867	930
728	640
57	584
821	986
529	370
405	604
307	5
24	6
430	619
927	783
496	370
831	618
851	43
838	208
420	976
989	687
694	368
463	405
321	383
429	963
80	762
731	806
694	647
866	715
858	564
354	408
885	603
713	666
112	82
73	684
88	834
795	988
180	210
350	184
50	423
936	322
231	415
634	163
735	607
431	946
597	442
977	120
542	169
753	312
447	794
314	356
324	354
232	752
53	644
465	188
123	815
837	663
747	479
264	877
650	148
707	404
831	768
953	809
987	566
321	594
954	124
442	634
391	772
881	79
978	368
627	873
917	989
935	350
592	394
220	99
150	362
310	828
298	378
927	270
234	3
231	524
210	994
578	29
638	630
656	825
377	130
350	817
40	381
522	964
336	444
795	160
456	392
125	387
248	897
367	387
730	934
705	271
5	37
327	604
567	147
556	64
976	396
456	371
397	662
899	430
720	892
608	847
994	379
935	978
778	33
912	897
527	436
789	956
770	350
256	475
230	274
854	949
612	413
695	684
829	492
223	745
682	692
568	754
679	583
150	475
729	84
91	602
15	682
849	150
41	186
579	127
204	510
974	935
892	790
173	36
281	600
839	569
698	279
497	836
843	124
994	493
704	630
84	942
597	645
981	44
510	165
26	584
717	605
873	518
741	368
593	462
109	8
379	319
986	908
123	37
137	341
899	416
546	669
297	528
77	386
726	595
381	88
674	493
804	867
656	466
375	37
6	97
845	522
658	248
427	194
635	851
746	262
137	693
207	389
112	675
219	822
571	837
235	722
244	551
276	403
566	586
558	955
400	162
382	327
367	671
847	220
614	575
91	617
384	160
92	611
702	976
2	342
796	942
571	871
18	368
674	851
206	980
415	534
997	519
86	991
122	660
95	808
745	237
364	465
300	119
65	623
942	336
48	604
165	58
60	521
483	662
671	998
630	435
146	249
492	724
480	829
102	91
536	586
844	765
183	873
943	301
650	870
678	5
447	715
110	712
98	556
131	34
942	204
443	869
10	489
689	389
19	257
112	30
354	529
377	489
932	18
798	291
968	852
291	672
126	719
712	762
400	335
731	270
862	435
982	196
229	808
614	409
446	901
828	264
20	550
217	798
792	517
573	922
869	665
726	908
769	445
712	758
953	497
511	628
718	714
321	343
195	982
941	370
867	329
466	458
133	618
43	334
996	306
106	881
262	152
731	845
235	183
235	651
700	399
447	64
739	975
43	147
124	339
5	740
191	939
99	761
793	720
858	142
746	17
707	807
504	184
73	408
661	470
72	883
610	201
53	986
661	747
408	234
608	424
899	489
67	156
233	346
502	22
479	221
28	931
52	931
961	754
32	260
701	639
437	302
719	418
875	78
95	622
396	52
485	851
941	395
222	422
294	598
49	982
310	409
849	607
436	475
437	683
485	531
69	475
266	757
323	941
670	252
88	953
905	25
372	434
46	988
300	110
846	350
857	87
781	170
990	184
499	281
781	784
881	500
12	882
560	203
744	580
437	523
9	72
414	312
215	32
900	26
598	744
190	365
419	744
204	856
395	377
186	452
735	567
4	188
111	454
139	280
793	54
531	113
87	541
559	467
269	472
771	652
622	254
190	309
453	572
709	739
281	32
808	97
662	260
893	702
355	138
23	161
793	946
97	374
469	938
398	238
564	443
218	7
141	15
666	782
157	766
835	290
742	257
902	733
149	991
689	209
714	730
601	968
696	441
674	322
56	699
660	309
862	500
6	505
661	962
954	433
192	618
708	364
411	225
623	958
124	919
248	155
113	432
677	608
919	89
467	273
226	43
346	468
354	197
507	564
103	800
276	385
967	265
681	697
763	833
662	523
668	211
292	143
436	504
539	439
852	938
290	663
658	70
915	278
145	127
962	154
351	92
525	581
681	248
846	213
1	173
413	61
531	392
250	156
758	154
889	626
84	296
653	483
799	746
482	662
951	366
631	41
879	83
787	978
817	614
343	515
602	398
831	649
867	631
632	103
869	151
118	790
871	942
25	692
524	277
81	640
173	818
544	557
103	373
837	241
317	382
393	707
829	422
572	547
89	968
298	831
501	462
696	919
513	21
408	803
668	128
113	625
706	157
148	787
52	830
747	448
922	885
551	308
5	858
355	320
192	371
846	371
582	119
804	323
880	247
12	90
241	237
9	277
54	437
420	571
13	981
634	977
889	177
996	957
271	405
293	201
888	945
806	770
46	983
244	360
448	564
808	809
640	6
417	380
699	373
333	287
663	179
533	348
378	907
567	914
269	344
427	787
365	201
434	402
122	785
974	739
771	537
583	185
337	182
964	311
706	213
53	459
85	769
43	386
437	949
905	63
267	609
236	529
734	149
82	188
88	523
74	379
72	583
677	351
961	222
957	12
186	169
908	945
379	291
666	676
660	759
863	409
813	914
868	155
503	761
159	435
499	423
648	612
837	804
718	452
133	164
327	148
17	129
502	201
336	883
658	676
978	652
79	322
918	217
316	457
525	563
115	595
794	198
288	842
466	529
96	202
463	839
505	292
943	264
984	193
514	327
475	524
644	795
971	699
230	814
422	977
731	224
246	605
745	685
223	919
507	150
411	487
284	617
184	931
205	41
350	773
145	618
911	346
578	854
596	210
620	227
85	122
167	274
33	758
212	779
312	224
861	844
231	118
292	929
794	29
979	462
932	108
222	886
968	781
446	104
81	878
14	368
322	754
415	669
507	235
832	634
369	431
988	192
630	851
362	545
365	566
558	725
366	892
121	703
360	446
921	460
713	159
463	161
238	122
9	992
106	858
661	665
206	6
503	888
407	548
773	363
786	878
708	502
764	368
330	245
283	42
243	94
594	631
986	922
756	543
115	860
591	867
967	454
689	153
962	301
697	187
148	752
403	923
969	36
275	605
772	13
323	201
155	720
86	630
851	742
145	987
777	22
966	662
560	112
404	994
539	767
560	719
555	42
826	124
324	784
116	358
87	891
103	973
359	12
519	41
233	214
91	370
613	329
828	278
699	458
979	951
155	499
899	579
784	11
656	238
456	668
752	203
239	818
852	201
105	249
643	487
130	242
819	578
118	15
861	643
810	911
73	554
635	319
844	781
244	574
769	841
255	564
750	259
86	991
512	283
626	345
947	298
89	302
743	214
870	980
814	176
610	101
713	249
301	315
938	132
765	56
328	656
996	15
388	398
173	191
593	587
376	444
1	514
563	588
357	580
527	854
47	738
537	768
923	353
264	391
508	622
245	375
222	970
560	70
750	94
669	959
833	132
313	191
549	845
20	77
81	652
5	8
421	176
309	885
815	324
790	18
544	413
891	373
221	940
959	432
824	668
145	366
427	373
506	358
153	966
328	709
532	892
367	780
686	963
837	602
635	486
406	424
792	819
55	576
198	26
410	839
887	794
75	933
432	861
552	743
603	545
769	965
916	799
951	595
275	782
420	846
782	718
929	698
164	20
253	245
960	229
237	77
298	263
307	406
131	287
427	997
477	543
445	310
217	618
504	512
273	603
103	636
140	768
21	778
409	886
85	544
831	213
915	529
681	332
624	420
793	999
241	37
345	661
805	741
320	673
173	48
764	628
648	768
447	908
683	238
730	678
34	516
859	756
317	795
670	102
330	267
841	399
74	76
247	605
589	910
214	272
613	353
439	487
956	902
215	266
360	641
237	707
614	658
541	559
276	840
725	37
553	213
42	696
962	120
652	987
95	710
248	898
484	988
757	134
500	674
567	665
820	856
56	164
66	881
96	687
890	329
647	820
244	218
318	423
246	910
993	766
695	790
75	506
556	36
853	41
616	584
903	923
539	377
452	780
880	384
831	108
426	789
858	34
384	876
783	319
57	838
216	506
583	698
28	904
405	890
697	805
340	335
677	851
204	413
760	996
614	883
131	830
999	620
343	851
133	530
765	145
193	335
31	171
76	908
183	835
255	2
754	708
41	624
359	749
863	166
359	697
601	849
342	472
533	317
752	709
246	271
553	123
128	209
465	950
280	588
477	46
745	695
410	719
656	365
69	675
776	517
669	577
865	119
826	712
526	393
227	654
609	202
931	522
522	687
735	686
423	527
264	504
495	971
34	612
763	553
800	649
233	701
976	949
982	722
754	189
105	137
67	581
958	282
945	609
559	106
508	756
570	203
469	70
531	854
958	288
105	770
246	422
98	145
542	850
55	424
762	159
343	854
208	473
573	715
997	351
270	483
631	981
960	917
899	604
140	993
301	407
895	455
581	530
53	223
910	651
633	797
507	633
368	158
995	309
894	421
458	19
518	668
700	807
863	196
689	670
918	624
373	794
899	894
403	233
864	713
174	665
926	237
716	848
290	761
28	153
259	581
306	619
422	20
994	269
154	21
496	485
746	304
419	342
706	487
966	616
222	867
52	319
69	816
607	767
18	144
748	328
353	773
410	160
902	184
887	370
357	124
619	676
367	590
7	906
30	968
900	304
978	779
513	713
678	971
487	839
183	945
903	698
243	839
931	694
331	854
201	397
832	570
27	804
753	376
692	498
727	546
651	586
338	276
978	693
108	481
243	478
546	474
269	329
397	289
235	894
767	393
956	690
716	361
881	891
942	104
136	34
911	309
895	784
15	497
183	521
779	116
327	898
485	593
72	18
764	575
960	881
56	448
955	770
499	739
573	805
207	397
2	613
690	495
858	964
202	374
982	31
487	102
238	620
761	675
825	809
29	225
549	481
832	128
570	614
64	312
756	173
304	87
845	836
691	515
59	366
211	159
968	434
451	905
924	171
969	135
465	321
27	510
661	147
566	533
741	511
820	372
372	28
572	425
266	677
958	825
433	206
675	650
789	877
819	8
393	16
217	645
117	323
325	922
734	870
649	909
823	122
192	615
70	947
198	420
868	768
592	166
916	480
426	451
423	762
599	556
268	985
139	334
419	931
316	359
213	584
851	871
284	948
319	726
15	242
224	445
180	401
80	616
138	472
238	890
699	360
858	317
44	12
753	335
506	905
868	375
847	921
30	29
852	395
379	815
582	125
231	707
304	902
401	945
161	419
182	168
770	77
475	806
572	576
883	997
173	626
392	106
962	543
688	350
729	884
758	583
773	190
169	3
932	70
987	720
617	570
394	268
899	259
503	723
207	994
806	326
920	239
291	364
969	891
226	373
360	677
539	652
831	743
952	993
317	783
64	708
384	526
475	394
41	437
856	987
870	115
346	982
210	760
243	854
389	914
157	625
877	662
89	379
711	605
900	212
970	587
154	421
469	735
64	300
895	962
91	651
371	12
414	680
185	95
107	527
400	531
950	317
476	639
540	538
206	621
853	722
656	680
307	417
932	637
796	768
259	395
157	957
342	898
30	312
749	933
533	558
539	275
866	365
59	636
99	992
780	526
972	333
563	132
150	224
173	500
94	975
527	615
254	949
66	686
326	221
853	696
928	131
171	831
927	157
869	240
940	375
174	240
279	219
734	31
148	963
121	472
837	648
852	560
357	639
18	170
315	403
703	891
695	614
606	526
131	775
102	218
430	207
214	135
246	529
416	755
701	637
897	117
158	776
910	628
936	508
793	933
764	621
324	883
541	603
864	715
755	89
123	720
684	736
243	226
798	855
283	541
525	197
427	379
261	607
544	379
239	6
468	523
774	387
183	625
541	184
396	478
750	710
430	597
599	995
581	899
470	366
383	253
920	199
693	99
721	458
194	603
828	276
992	980
180	982
373	597
431	335
225	504
443	776
551	255
87	979
220	868
392	795
544	927
432	845
49	718
531	600
396	434
834	594
290	90
223	622
4	365
579	893
47	831
257	85
803	672
885	554
314	5
13	314
965	992
723	640
967	150
347	567
213	480
994	435
54	159
885	133
406	286
903	408
552	146
716	733
473	649
823	858
710	993
510	124
510	389
277	680
430	610
384	986
477	727
625	51
480	835
959	508
487	471
280	281
506	710
658	282
535	442
469	67
489	969
605	611
43	991
905	624
774	447
297	938
679	205
102	870
212	231
870	832
80	655
197	493
712	544
420	262
971	24
99	966
826	11
602	409
258	878
777	527
824	329
286	675
623	730
253	66
379	37
396	223
690	896
9	574
270	927
367	945
683	848
829	35
986	841
147	714
671	971
987	417
57	994
651	582
337	962
988	220
423	569
511	637
915	707
736	755
470	780
494	929
339	711
979	654
697	855
342	270
472	277
582	756
16	968
451	114
48	423
715	716
501	108
297	184
240	15
142	160
245	299
988	46
75	690
262	407
290	77
479	307
303	240
245	101
657	888
593	354
474	706
356	232
794	867
359	903
638	689
707	731
609	107
771	455
791	85
874	863
242	945
541	628
214	433
292	807
455	757
582	46
429	583
300	362
653	344
268	273
854	819
977	161
792	911
248	931
808	136
917	946
137	8
122	183
809	893
882	231
839	672
866	464
232	817
962	363
292	345
61	101
197	168
53	976
795	395
957	476
503	826
462	842
6	885
981	484
721	685
795	108
331	411
67	625
414	119
118	447
123	246
478	208
966	434
472	605
333	578
858	886
490	832
759	680
600	617
153	245
641	154
444	560
15	530
920	993
661	695
756	123
102	807
540	770
150	858
153	368
980	711
554	362
497	527
217	433
336	180
215	995
36	302
535	636
820	633
528	460
514	74
568	13
31	292
456	709
223	243
270	504
234	437
170	190
128	996
729	362
186	961
333	520
759	248
9	363
672	163
614	481
677	369
94	793
543	68
764	633
18	232
48	642
269	508
471	282
900	748
175	781
975	798
451	111
115	782
403	187
962	366
124	125
789	903
518	141
908	265
607	586
169	960
54	911
172	941
308	86
407	721
10	681
942	182
764	376
867	964
651	489
298	355
288	258
786	853
821	937
994	627
100	693
784	181
619	750
240	395
999	761
191	762
395	115
425	873
496	452
869	236
659	440
214	660
680	952
913	259
655	359
838	836
150	503
234	751
263	135
822	390
606	657
509	98
768	893
118	403
501	236
955	808
203	939
123	994
604	983
729	135
932	792
93	885
186	104
478	827
882	973
310	439
376	510
461	423
476	292
176	769
89	896
726	485
93	153
433	764
710	725
738	210
972	99
479	413
988	697
928	320
383	792
110	773
714	978
521	675
61	489
755	184
980	191
407	913
418	995
316	94
788	457
408	368
74	918
975	853
932	695
876	469
226	709
803	241
958	777
1	603
563	442
432	601
41	43
713	706
412	84
873	683
437	29
80	408
889	85
983	251
994	768
116	885
876	263
393	606
638	549
928	471
668	258
129	648
787	371
833	264
364	276
83	732
309	358
525	492
620	5
1000	476
106	42
557	476
8	424
623	534
934	495
124	711
756	935
312	469
188	574
468	647
203	134
610	937
9	381
233	923
400	505
355	763
88	174
25	176
236	267
856	488
587	531
765	436
269	203
201	632
211	612
745	159
712	178
329	6
575	938
574	387
705	609
633	802
642	966
172	667
26	771
873	729
670	817
682	276
513	510
691	938
37	901
177	45
384	880
904	186
954	254
584	587
553	491
124	414
976	631
631	650
198	38
770	103
396	854
298	415
869	533
289	564
893	244
308	555
643	166
750	792
217	258
664	113
503	955
111	5
67	843
769	959
81	642
60	753
261	931
196	852
211	937
716	819
239	311
302	929
309	366
719	91
49	837
111	274
385	472
947	456
233	752
489	564
596	602
330	404
516	51
871	329
741	717
275	699
471	339
660	420
521	482
663	88
167	785
315	1
152	585
241	646
162	180
626	945
503	608
250	582
606	270
676	790
977	728
472	330
479	898
598	880
731	981
640	338
532	312
605	143
68	975
458	327
97	531
865	241
42	216
722	40
649	860
645	418
974	186
212	776
302	623
375	159
674	60
724	101
191	310
407	801
759	21
216	245
564	415
952	699
240	786
619	235
903	152
717	48
613	548
778	24
476	178
82	89
980	480
294	894
748	688
64	159
563	447
476	387
19	804
75	429
453	160
653	308
982	566
595	458
539	560
17	868
667	447
137	548
11	591
658	41
257	876
432	808
119	373
840	413
96	106
838	245
725	192
420	479
849	81
375	610
696	50
430	973
817	492
884	298
222	882
848	273
504	224
343	157
805	704
3	588
507	718
783	133
929	608
248	466
507	72
267	710
76	372
900	910
841	290
468	502
167	504
247	242
894	919
990	713
201	307
735	99
830	313
404	255
926	310
263	22
696	498
243	549
534	991
19	688
579	94
196	819
543	776
759	19
359	498
627	723
782	253
113	399
220	132
956	985
787	893
18	407
153	87
607	294
958	806
409	988
210	35
821	376
735	791
658	74
583	556
23	331
286	566
894	2
26	639
814	517
102	21
826	53
815	622
293	560
260	163
749	359
770	533
810	80
558	171
257	897
530	811
4	698
190	559
104	279
995	302
25	429
315	59
813	819
603	988
557	128
917	354
54	887
993	658
865	446
244	172
738	332
660	180
502	45
935	61
284	496
459	548
333	990
447	435
369	414
34	307
479	915
719	463
656	788
372	978
607	751
353	15
178	585
744	790
972	961
468	1
494	47
248	463
367	447
697	563
644	761
847	417
455	111
738	871
438	264
791	419
820	443
135	796
310	680
674	533
322	721
672	56
563	852
818	990
309	556
569	673
27	681
865	762
472	398
331	324
520	706
135	79
797	685
725	679
494	442
75	610
250	519
612	63
885	671
93	483
400	928
724	99
79	460
530	922
718	249
508	104
264	928
721	74
721	222
290	317
797	317
773	144
215	865
966	216
532	630
375	215
449	141
161	514
936	714
9	897
20	958
935	21
45	459
63	214
852	805
595	171
894	980
608	9
627	964
652	250
264	358
715	534
764	102
999	499
718	875
634	390
367	557
356	492
576	886
173	872
443	726
166	511
700	848
523	80
510	681
79	744
853	82
73	161
432	186
478	573
772	741
612	578
35	204
680	737
468	400
683	666
730	214
510	545
904	14
244	90
616	35
932	558
801	637
334	323
105	740
384	667
844	384
133	310
915	937
611	112
549	309
426	375
300	441
535	560
876	448
729	125
858	76
170	80
171	146
128	734
907	180
620	116
85	264
5	300
150	885
45	847
595	611
654	354
281	74
652	496
485	213
500	769
964	214
289	879
82	936
284	806
830	436
454	528
675	710
923	454
939	176
108	567
322	255
880	705
381	991
59	605
802	140
750	289
484	666
872	589
602	311
622	675
928	122
679	224
401	146
586	171
436	751
842	418
834	189
30	317
569	529
829	932
158	518
652	234
228	514
972	419
248	832
780	365
414	477
778	459
225	592
679	54
21	158
925	583
638	32
529	257
846	706
958	322
667	489
971	865
174	877
377	454
536	199
988	643
727	56
887	445
592	918
320	558
421	674
175	199
853	268
241	680
368	640
991	580
680	890
96	413
435	708
854	599
237	186
153	922
959	40
554	436
48	743
353	156
702	172
332	776
882	608
370	96
370	55
924	22
588	643
359	571
864	664
286	891
335	280
225	137
38	600
961	367
843	895
715	313
937	233
91	337
74	843
257	849
486	290
290	849
71	638
413	301
32	706
596	20
128	616
669	584
624	494
125	672
440	385
67	495
603	324
865	874
670	695
557	157
778	944
585	162
266	623
972	524
490	93
993	734
821	27
854	41
684	429
44	123
863	758
21	417
315	595
567	429
47	165
298	864
991	555
723	590
219	715
834	286
964	622
717	494
918	15
497	602
825	950
337	36
123	734
878	184
966	140
61	242
157	923
17	855
955	795
289	277
253	237
512	634
104	496
707	453
610	760
380	819
225	170
790	296
461	212
53	648
907	715
257	709
250	488
957	591
389	947
497	445
952	756
661	88
292	617
680	1000
424	836
740	819
775	959
394	200
578	635
272	507
242	18
952	901
689	679
698	172
764	705
356	350
520	993
137	562
476	645
342	858
378	405
159	275
762	210
788	432
262	907
34	558
29	363
134	230
5	117
800	590
215	964
139	328
740	121
826	807
447	341
557	103
501	738
79	608
787	946
255	755
716	133
97	71
563	554
406	37
307	108
943	339
775	550
489	391
946	284
406	500
77	446
839	84
876	386
730	102
424	920
380	597
560	59
641	971
638	209
389	608
515	439
515	375
721	984
968	317
340	817
410	215
900	97
292	970
565	377
963	204
179	672
660	434
125	913
173	296
632	713
769	462
557	359
605	629
458	273
250	15
783	935
864	846
746	419
248	330
267	273
843	495
929	640
754	87
927	609
726	175
270	426
549	906
692	26
241	755
64	521
579	441
526	897
550	875
528	223
500	279
790	756
793	170
157	510
658	165
376	737
261	701
965	899
307	808
113	818
270	834
458	53
738	532
511	910
937	584
852	612
68	357
640	985
182	96
133	33
889	914
749	365
942	797
395	257
273	336
486	187
344	685
730	789
868	176
282	759
875	340
202	831
826	971
1	363
167	853
934	802
55	528
839	210
69	606
330	686
499	823
866	5
429	285
906	72
640	980
731	701
770	911
15	182
697	73
567	944
190	762
731	21
905	969
560	180
639	686
403	846
387	689
55	781
875	276
968	467
667	383
245	283
772	46
525	319
853	431
779	61
159	69
548	806
670	508
933	445
549	961
447	247
642	764
808	617
108	768
884	52
397	103
260	262
544	173
814	908
207	841
254	825
803	389
558	289
160	21
808	183
774	860
905	393
936	427
819	795
821	492
949	200
97	816
358	628
257	907
238	986
538	995
216	383
637	453
497	64
455	427
807	914
586	397
890	479
114	983
221	438
822	761
994	879
378	30
983	224
958	172
923	809
351	221
471	947
987	36
847	438
41	912
638	799
565	486
776	982
238	115
502	655
589	722
462	284
209	85
514	286
591	165
760	514
284	328
685	229
833	783
932	249
76	37
143	196
836	151
83	139
150	616
96	961
15	473
407	711
386	50
903	18
532	923
173	244
959	435
939	19
308	644
381	630
525	474
587	336
449	886
602	139
753	413
647	729
895	797
609	95
922	45
224	742
25	167
122	991
122	363
589	886
699	925
702	808
590	483
89	887
57	959
253	494
547	530
109	204
618	340
458	579
135	961
1	832
912	923
11	770
628	701
613	335
16	701
648	277
767	949
655	492
385	186
895	530
710	446
990	732
822	52
64	144
440	209
263	608
121	748
876	237
99	912
867	435
939	266
643	596
629	141
4	235
874	952
992	316
333	351
953	863
827	396
431	444
108	843
314	763
171	743
87	681
20	98
607	843
835	592
857	221
109	961
928	188
909	936
596	729
390	256
949	982
717	659
857	889
940	142
302	159
865	918
340	430
574	719
169	824
432	170
413	657
446	772
60	234
406	296
134	423
245	516
378	590
500	914
564	291
131	430
197	489
48	336
340	787
529	594
825	852
820	467
176	896
110	436
634	202
623	650
182	762
654	456
216	701
817	945
147	454
235	189
672	919
141	841
614	616
432	10
250	702
162	544
316	753
776	993
38	833
314	511
606	210
315	737
232	618
59	131
903	176
199	373
594	99
912	445
304	194
401	615
98	775
708	786
378	97
227	750
459	753
441	797
925	220
382	49
713	455
116	690
44	383
116	884
333	607
462	800
71	540
52	874
582	829
260	481
192	315
559	224
527	260
569	229
431	744
622	111
728	126
859	550
709	685
741	893
586	798
383	99
73	601
953	965
26	415
346	725
292	23
400	938
212	690
77	305
808	422
654	909
602	106
833	29
598	410
708	174
525	495
908	862
731	602
749	9
109	310
15	538
391	242
405	666
332	839
951	537
438	319
666	145
692	556
681	269
962	56
517	941
191	680
397	375
772	463
273	114
938	331
959	112
646	825
615	175
378	226
530	632
387	968
947	294
150	556
11	718
753	510
517	183
370	821
323	98
728	987
616	126
29	334
376	980
860	164
260	232
81	326
933	473
151	125
971	945
497	745
55	947
64	694
186	458
497	298
598	132
462	365
847	544
525	893
710	178
887	47
174	588
227	142
879	145
677	549
663	969
984	806
52	363
483	970
875	494
690	75
520	960
420	495
651	507
282	403
703	10
154	428
244	316
918	736
376	11
597	759
691	623
763	601
678	498
488	150
645	603
509	28
408	604
841	831
915	712
93	251
369	650
465	75
801	329
403	45
495	48
452	518
145	209
219	197
124	563
739	848
720	267
230	476
387	184
267	108
39	820
191	567
583	71
11	847
773	682
642	689
969	793
29	497
243	947
381	569
372	85
518	903
691	274
452	9
111	362
331	148
802	62
67	422
621	81
611	375
764	593
418	368
674	883
971	997
569	304
524	451
323	249
34	947
322	558
616	563
202	352
407	242
264	871
158	492
400	469
534	561
456	515
435	644
145	293
766	819
357	65
197	327
387	103
911	170
180	532
243	384
244	806
687	404
579	283
264	739
129	427
79	705
687	829
753	356
204	705
840	827
712	874
960	589
392	336
663	475
207	936
678	804
904	432
767	913
656	661
301	449
974	730
169	107
411	449
347	168
623	643
305	224
106	322
386	574
332	339
915	194
529	76
57	385
126	476
366	466
819	57
444	803
459	615
327	805
224	499
486	13
311	46
164	902
751	358
368	380
15	17
370	485
297	386
380	512
808	344
731	116
662	207
519	911
324	303
290	432
401	262
335	617
241	732
237	968
406	382
935	707
127	426
62	775
957	177
355	148
143	661
733	147
96	577
491	762
444	266
391	876
69	103
213	458
391	325
649	539
284	556
654	586
992	605
517	753
398	160
479	688
809	701
901	396
263	740
378	915
914	763
729	961
6	363
581	674
29	651
812	34
309	802
318	899
661	939
977	284
435	558
908	672
243	176
130	692
372	247
843	294
981	202
537	251
701	489
26	342
663	250
148	530
971	137
937	645
140	543
402	46
575	462
278	518
325	804
540	338
236	510
210	568
313	972
2	259
280	251
462	642
832	250
234	737
599	265
167	554
276	499
461	429
839	434
477	836
397	94
540	340
5	321
538	100
302	595
446	897
890	987
128	921
307	982
371	946
339	434
790	729
902	830
488	210
688	729
892	396
159	93
461	149
625	397
578	125
136	730
902	81
125	94
709	860
522	850
283	662
300	694
78	95
530	616
438	213
389	318
41	435
193	724
187	953
553	1000
777	767
891	611
576	637
168	218
540	338
843	222
113	542
188	315
750	548
762	104
561	808
149	470
342	481
74	206
751	247
762	869
470	950
279	198
840	827
315	556
800	15
178	415
343	640
662	444
605	381
72	655
682	734
16	519
970	562
232	201
192	474
496	868
391	483
763	679
844	483
580	185
860	329
874	822
891	452
740	720
250	763
49	159
866	628
87	296
632	396
532	10
694	624
979	102
625	163
105	587
713	639
590	827
983	812
42	884
827	888
173	170
490	592
852	32
304	537
975	278
790	268
265	946
196	154
3	262
86	21
543	276
145	961
387	773
736	139
465	206
737	2
974	900
32	579
781	35
686	86
931	864
97	866
190	912
599	519
119	285
532	990
681	7
391	620
327	899
626	150
603	223
158	421
408	455
605	65
629	156
373	888
401	831
938	811
967	525
310	857
106	500
798	257
209	677
939	868
755	93
938	528
726	295
274	933
287	883
659	100
756	196
154	84
566	282
350	248
370	380
829	21
49	545
868	887
607	130
459	885
22	469
618	130
29	596
978	132
590	187
510	708
401	500
731	39
387	674
620	735
455	348
863	244
647	240
63	755
598	974
968	649
237	535
529	69
948	417
992	23
273	895
263	212
819	686
152	252
112	951
381	964
471	747
135	797
566	442
942	889
850	395
703	935
142	225
562	869
245	731
